0.000000000000000e+000	3.885781e-012
1.000000000000000e-003	3.885781e-012
2.000000000000000e-003	3.941292e-012
3.000000000000000e-003	4.107825e-012
4.000000000000000e-003	4.218847e-012
5.000000000000000e-003	4.274359e-012
6.000000000000000e-003	4.329870e-012
7.000000000000000e-003	4.496403e-012
8.000000000000000e-003	4.607426e-012
9.000000000000001e-003	4.662937e-012
1.000000000000000e-002	4.884981e-012
1.100000000000000e-002	4.940492e-012
1.200000000000000e-002	4.996004e-012
1.300000000000001e-002	5.218048e-012
1.400000000000001e-002	5.329071e-012
1.500000000000001e-002	5.384582e-012
1.600000000000001e-002	5.606626e-012
1.700000000000001e-002	5.717649e-012
1.800000000000001e-002	5.773160e-012
1.900000000000001e-002	5.995204e-012
2.000000000000001e-002	6.217249e-012
2.100000000000001e-002	6.328271e-012
2.200000000000001e-002	6.439294e-012
2.300000000000001e-002	6.661338e-012
2.400000000000001e-002	6.772360e-012
2.500000000000002e-002	6.994405e-012
2.600000000000002e-002	7.105427e-012
2.700000000000002e-002	7.327472e-012
2.800000000000002e-002	7.494005e-012
2.900000000000002e-002	7.716050e-012
3.000000000000002e-002	7.827072e-012
3.100000000000002e-002	8.104628e-012
3.200000000000002e-002	8.215650e-012
3.300000000000002e-002	8.493206e-012
3.400000000000002e-002	8.659740e-012
3.500000000000002e-002	8.826273e-012
3.600000000000003e-002	8.992806e-012
3.700000000000003e-002	9.270362e-012
3.800000000000003e-002	9.547918e-012
3.900000000000003e-002	9.825474e-012
4.000000000000003e-002	1.010303e-011
4.100000000000003e-002	1.032507e-011
4.200000000000003e-002	1.060263e-011
4.300000000000003e-002	1.088019e-011
4.400000000000003e-002	1.110223e-011
4.500000000000003e-002	1.137979e-011
4.600000000000003e-002	1.171285e-011
4.700000000000004e-002	1.204592e-011
4.800000000000004e-002	1.226796e-011
4.900000000000004e-002	1.260103e-011
5.000000000000004e-002	1.293410e-011
5.100000000000004e-002	1.326717e-011
5.200000000000004e-002	1.360023e-011
5.300000000000004e-002	1.398881e-011
5.400000000000004e-002	1.432188e-011
5.500000000000004e-002	1.471046e-011
5.600000000000004e-002	1.509903e-011
5.700000000000004e-002	1.543210e-011
5.800000000000005e-002	1.582068e-011
5.900000000000005e-002	1.637579e-011
6.000000000000005e-002	1.670886e-011
6.100000000000005e-002	1.709743e-011
6.200000000000005e-002	1.765255e-011
6.300000000000004e-002	1.809664e-011
6.400000000000004e-002	1.854072e-011
6.500000000000004e-002	1.898481e-011
6.600000000000005e-002	1.953993e-011
6.700000000000005e-002	1.998401e-011
6.800000000000005e-002	2.048361e-011
6.900000000000005e-002	2.109424e-011
7.000000000000005e-002	2.170486e-011
7.100000000000005e-002	2.220446e-011
7.200000000000005e-002	2.281508e-011
7.300000000000005e-002	2.331468e-011
7.400000000000005e-002	2.398082e-011
7.500000000000005e-002	2.459144e-011
7.600000000000005e-002	2.514655e-011
7.700000000000006e-002	2.592371e-011
7.800000000000006e-002	2.653433e-011
7.900000000000006e-002	2.725598e-011
8.000000000000006e-002	2.797762e-011
8.100000000000006e-002	2.869927e-011
8.200000000000006e-002	2.958744e-011
8.300000000000006e-002	3.030909e-011
8.400000000000006e-002	3.108624e-011
8.500000000000006e-002	3.191891e-011
8.600000000000006e-002	3.264056e-011
8.700000000000006e-002	3.358425e-011
8.800000000000006e-002	3.441691e-011
8.900000000000007e-002	3.541611e-011
9.000000000000007e-002	3.624878e-011
9.100000000000007e-002	3.724798e-011
9.200000000000007e-002	3.830269e-011
9.300000000000007e-002	3.930190e-011
9.400000000000007e-002	4.019007e-011
9.500000000000007e-002	4.141132e-011
9.600000000000007e-002	4.252154e-011
9.700000000000007e-002	4.352074e-011
9.800000000000007e-002	4.474199e-011
9.900000000000007e-002	4.590772e-011
1.000000000000001e-001	4.707346e-011
1.010000000000001e-001	4.835021e-011
1.020000000000001e-001	4.968248e-011
1.030000000000001e-001	5.095924e-011
1.040000000000001e-001	5.234702e-011
1.050000000000001e-001	5.373479e-011
1.060000000000001e-001	5.512257e-011
1.070000000000001e-001	5.656586e-011
1.080000000000001e-001	5.806466e-011
1.090000000000001e-001	5.956347e-011
1.100000000000001e-001	6.122880e-011
1.110000000000001e-001	6.278311e-011
1.120000000000001e-001	6.450396e-011
1.130000000000001e-001	6.622480e-011
1.140000000000001e-001	6.800116e-011
1.150000000000001e-001	6.983303e-011
1.160000000000001e-001	7.149836e-011
1.170000000000001e-001	7.349676e-011
1.180000000000001e-001	7.543965e-011
1.190000000000001e-001	7.749357e-011
1.200000000000001e-001	7.943646e-011
1.210000000000001e-001	8.165690e-011
1.220000000000001e-001	8.387735e-011
1.230000000000001e-001	8.604228e-011
1.240000000000001e-001	8.826273e-011
1.250000000000001e-001	9.070522e-011
1.260000000000001e-001	9.303669e-011
1.270000000000001e-001	9.547918e-011
1.280000000000001e-001	9.803269e-011
1.290000000000001e-001	1.006972e-010
1.300000000000001e-001	1.033618e-010
1.310000000000001e-001	1.061373e-010
1.320000000000001e-001	1.089684e-010
1.330000000000001e-001	1.118550e-010
1.340000000000001e-001	1.147971e-010
1.350000000000001e-001	1.177947e-010
1.360000000000001e-001	1.209588e-010
1.370000000000001e-001	1.241784e-010
1.380000000000001e-001	1.274536e-010
1.390000000000001e-001	1.309508e-010
1.400000000000001e-001	1.344480e-010
1.410000000000001e-001	1.380562e-010
1.420000000000001e-001	1.416645e-010
1.430000000000001e-001	1.453837e-010
1.440000000000001e-001	1.492695e-010
1.450000000000001e-001	1.532108e-010
1.460000000000001e-001	1.572076e-010
1.470000000000001e-001	1.614819e-010
1.480000000000001e-001	1.657563e-010
1.490000000000001e-001	1.700862e-010
1.500000000000001e-001	1.746936e-010
1.510000000000001e-001	1.793565e-010
1.520000000000001e-001	1.841305e-010
1.530000000000001e-001	1.890155e-010
1.540000000000001e-001	1.940670e-010
1.550000000000001e-001	1.992295e-010
1.560000000000001e-001	2.045031e-010
1.570000000000001e-001	2.099432e-010
1.580000000000001e-001	2.156053e-010
1.590000000000001e-001	2.212119e-010
1.600000000000001e-001	2.270961e-010
1.610000000000001e-001	2.330358e-010
1.620000000000001e-001	2.393086e-010
1.630000000000001e-001	2.456924e-010
1.640000000000001e-001	2.522982e-010
1.650000000000001e-001	2.590150e-010
1.660000000000001e-001	2.658984e-010
1.670000000000001e-001	2.728373e-010
1.680000000000001e-001	2.801093e-010
1.690000000000001e-001	2.875478e-010
1.700000000000001e-001	2.953193e-010
1.710000000000001e-001	3.030354e-010
1.720000000000001e-001	3.111400e-010
1.730000000000001e-001	3.194112e-010
1.740000000000001e-001	3.279044e-010
1.750000000000001e-001	3.366196e-010
1.760000000000001e-001	3.456124e-010
1.770000000000001e-001	3.547718e-010
1.780000000000001e-001	3.641532e-010
1.790000000000001e-001	3.737011e-010
1.800000000000001e-001	3.836931e-010
1.810000000000001e-001	3.939071e-010
1.820000000000001e-001	4.043432e-010
1.830000000000001e-001	4.150569e-010
1.840000000000001e-001	4.261036e-010
1.850000000000001e-001	4.373724e-010
1.860000000000001e-001	4.490297e-010
1.870000000000001e-001	4.608536e-010
1.880000000000001e-001	4.730660e-010
1.890000000000001e-001	4.856116e-010
1.900000000000001e-001	4.985456e-010
1.910000000000001e-001	5.117573e-010
1.920000000000001e-001	5.253020e-010
1.930000000000001e-001	5.390688e-010
1.940000000000001e-001	5.533352e-010
1.950000000000002e-001	5.679901e-010
1.960000000000002e-001	5.830891e-010
1.970000000000002e-001	5.985212e-010
1.980000000000002e-001	6.142864e-010
1.990000000000002e-001	6.304401e-010
2.000000000000002e-001	6.472045e-010
2.010000000000002e-001	6.643019e-010
2.020000000000002e-001	6.817324e-010
2.030000000000002e-001	6.997736e-010
2.040000000000002e-001	7.181478e-010
2.050000000000002e-001	7.371326e-010
2.060000000000002e-001	7.565615e-010
2.070000000000002e-001	7.763790e-010
2.080000000000002e-001	7.967516e-010
2.090000000000002e-001	8.178458e-010
2.100000000000002e-001	8.392731e-010
2.110000000000002e-001	8.612555e-010
2.120000000000002e-001	8.838485e-010
2.130000000000002e-001	9.069412e-010
2.140000000000002e-001	9.307000e-010
2.150000000000002e-001	9.551804e-010
2.160000000000002e-001	9.800494e-010
2.170000000000002e-001	1.005696e-009
2.180000000000002e-001	1.031786e-009
2.190000000000002e-001	1.058764e-009
2.200000000000002e-001	1.086298e-009
2.210000000000002e-001	1.114497e-009
2.220000000000002e-001	1.143363e-009
2.230000000000002e-001	1.172951e-009
2.240000000000002e-001	1.203315e-009
2.250000000000002e-001	1.234401e-009
2.260000000000002e-001	1.266154e-009
2.270000000000002e-001	1.298683e-009
2.280000000000002e-001	1.332046e-009
2.290000000000002e-001	1.365907e-009
2.300000000000002e-001	1.400768e-009
2.310000000000002e-001	1.436296e-009
2.320000000000002e-001	1.472655e-009
2.330000000000002e-001	1.509737e-009
2.340000000000002e-001	1.547484e-009
2.350000000000002e-001	1.586065e-009
2.360000000000002e-001	1.625367e-009
2.370000000000002e-001	1.665335e-009
2.380000000000002e-001	1.706024e-009
2.390000000000002e-001	1.747436e-009
2.400000000000002e-001	1.789457e-009
2.410000000000002e-001	1.832146e-009
2.420000000000002e-001	1.875611e-009
2.430000000000002e-001	1.919742e-009
2.440000000000002e-001	1.964706e-009
2.450000000000002e-001	2.010336e-009
2.460000000000002e-001	2.056910e-009
2.470000000000002e-001	2.104261e-009
2.480000000000002e-001	2.152556e-009
2.490000000000002e-001	2.201794e-009
2.500000000000002e-001	2.251976e-009
2.510000000000002e-001	2.303213e-009
2.520000000000002e-001	2.355449e-009
2.530000000000002e-001	2.408629e-009
2.540000000000002e-001	2.463030e-009
2.550000000000002e-001	2.518430e-009
2.560000000000002e-001	2.575051e-009
2.570000000000002e-001	2.632727e-009
2.580000000000002e-001	2.691569e-009
2.590000000000002e-001	2.751743e-009
2.600000000000002e-001	2.812972e-009
2.610000000000002e-001	2.875478e-009
2.620000000000002e-001	2.939260e-009
2.630000000000002e-001	3.004430e-009
2.640000000000002e-001	3.070766e-009
2.650000000000002e-001	3.138545e-009
2.660000000000002e-001	3.207712e-009
2.670000000000002e-001	3.278378e-009
2.680000000000002e-001	3.350487e-009
2.690000000000002e-001	3.424094e-009
2.700000000000002e-001	3.499201e-009
2.710000000000002e-001	3.576084e-009
2.720000000000002e-001	3.654688e-009
2.730000000000002e-001	3.735068e-009
2.740000000000002e-001	3.817391e-009
2.750000000000002e-001	3.901657e-009
2.760000000000002e-001	3.988171e-009
2.770000000000002e-001	4.076905e-009
2.780000000000002e-001	4.167999e-009
2.790000000000002e-001	4.261647e-009
2.800000000000002e-001	4.357931e-009
2.810000000000002e-001	4.457018e-009
2.820000000000002e-001	4.558909e-009
2.830000000000002e-001	4.663852e-009
2.840000000000002e-001	4.771850e-009
2.850000000000002e-001	4.883010e-009
2.860000000000002e-001	4.997419e-009
2.870000000000002e-001	5.115242e-009
2.880000000000002e-001	5.236339e-009
2.890000000000002e-001	5.360961e-009
2.900000000000002e-001	5.489081e-009
2.910000000000002e-001	5.620837e-009
2.920000000000002e-001	5.756284e-009
2.930000000000002e-001	5.895395e-009
2.940000000000002e-001	6.038392e-009
2.950000000000002e-001	6.185247e-009
2.960000000000002e-001	6.336043e-009
2.970000000000002e-001	6.490919e-009
2.980000000000002e-001	6.649930e-009
2.990000000000002e-001	6.813106e-009
3.000000000000002e-001	6.980611e-009
3.010000000000002e-001	7.152528e-009
3.020000000000002e-001	7.328915e-009
3.030000000000002e-001	7.509882e-009
3.040000000000002e-001	7.695567e-009
3.050000000000002e-001	7.886081e-009
3.060000000000002e-001	8.081452e-009
3.070000000000002e-001	8.281820e-009
3.080000000000002e-001	8.487322e-009
3.090000000000002e-001	8.698098e-009
3.100000000000002e-001	8.914203e-009
3.110000000000002e-001	9.135831e-009
3.120000000000002e-001	9.363066e-009
3.130000000000002e-001	9.596047e-009
3.140000000000002e-001	9.834938e-009
3.150000000000002e-001	1.007983e-008
3.160000000000002e-001	1.033087e-008
3.170000000000002e-001	1.058820e-008
3.180000000000002e-001	1.085204e-008
3.190000000000002e-001	1.112244e-008
3.200000000000002e-001	1.139963e-008
3.210000000000002e-001	1.168371e-008
3.220000000000002e-001	1.197487e-008
3.230000000000002e-001	1.227329e-008
3.240000000000002e-001	1.257913e-008
3.250000000000002e-001	1.289255e-008
3.260000000000002e-001	1.321379e-008
3.270000000000002e-001	1.354292e-008
3.280000000000002e-001	1.388023e-008
3.290000000000002e-001	1.422587e-008
3.300000000000002e-001	1.458006e-008
3.310000000000002e-001	1.494294e-008
3.320000000000002e-001	1.531481e-008
3.330000000000002e-001	1.569578e-008
3.340000000000002e-001	1.608610e-008
3.350000000000002e-001	1.648603e-008
3.360000000000002e-001	1.689576e-008
3.370000000000002e-001	1.731554e-008
3.380000000000002e-001	1.774555e-008
3.390000000000003e-001	1.818609e-008
3.400000000000003e-001	1.863740e-008
3.410000000000003e-001	1.909972e-008
3.420000000000003e-001	1.957323e-008
3.430000000000003e-001	2.005834e-008
3.440000000000003e-001	2.055522e-008
3.450000000000003e-001	2.106415e-008
3.460000000000003e-001	2.158546e-008
3.470000000000003e-001	2.211940e-008
3.480000000000003e-001	2.266623e-008
3.490000000000003e-001	2.322631e-008
3.500000000000003e-001	2.379992e-008
3.510000000000003e-001	2.438734e-008
3.520000000000003e-001	2.498895e-008
3.530000000000003e-001	2.560506e-008
3.540000000000003e-001	2.623593e-008
3.550000000000003e-001	2.688198e-008
3.560000000000003e-001	2.754356e-008
3.570000000000003e-001	2.822098e-008
3.580000000000003e-001	2.891463e-008
3.590000000000003e-001	2.962487e-008
3.600000000000003e-001	3.035207e-008
3.610000000000003e-001	3.109664e-008
3.620000000000003e-001	3.185893e-008
3.630000000000003e-001	3.263941e-008
3.640000000000003e-001	3.343842e-008
3.650000000000003e-001	3.425642e-008
3.660000000000003e-001	3.509383e-008
3.670000000000003e-001	3.595109e-008
3.680000000000003e-001	3.682862e-008
3.690000000000003e-001	3.772692e-008
3.700000000000003e-001	3.864642e-008
3.710000000000003e-001	3.958760e-008
3.720000000000003e-001	4.055095e-008
3.730000000000003e-001	4.153698e-008
3.740000000000003e-001	4.254616e-008
3.750000000000003e-001	4.357901e-008
3.760000000000003e-001	4.463610e-008
3.770000000000003e-001	4.571790e-008
3.780000000000003e-001	4.682499e-008
3.790000000000003e-001	4.795790e-008
3.800000000000003e-001	4.911724e-008
3.810000000000003e-001	5.030355e-008
3.820000000000003e-001	5.151744e-008
3.830000000000003e-001	5.275950e-008
3.840000000000003e-001	5.403034e-008
3.850000000000003e-001	5.533060e-008
3.860000000000003e-001	5.666090e-008
3.870000000000003e-001	5.802188e-008
3.880000000000003e-001	5.941422e-008
3.890000000000003e-001	6.083861e-008
3.900000000000003e-001	6.229568e-008
3.910000000000003e-001	6.378618e-008
3.920000000000003e-001	6.531080e-008
3.930000000000003e-001	6.687027e-008
3.940000000000003e-001	6.846530e-008
3.950000000000003e-001	7.009667e-008
3.960000000000003e-001	7.176514e-008
3.970000000000003e-001	7.347145e-008
3.980000000000003e-001	7.521643e-008
3.990000000000003e-001	7.700089e-008
4.000000000000003e-001	7.882560e-008
4.010000000000003e-001	8.069143e-008
4.020000000000003e-001	8.259921e-008
4.030000000000003e-001	8.454978e-008
4.040000000000003e-001	8.654406e-008
4.050000000000003e-001	8.858289e-008
4.060000000000003e-001	9.066717e-008
4.070000000000003e-001	9.279784e-008
4.080000000000003e-001	9.497580e-008
4.090000000000003e-001	9.720201e-008
4.100000000000003e-001	9.947741e-008
4.110000000000003e-001	1.018030e-007
4.120000000000003e-001	1.041797e-007
4.130000000000003e-001	1.066085e-007
4.140000000000003e-001	1.090905e-007
4.150000000000003e-001	1.116266e-007
4.160000000000003e-001	1.142179e-007
4.170000000000003e-001	1.168655e-007
4.180000000000003e-001	1.195703e-007
4.190000000000003e-001	1.223335e-007
4.200000000000003e-001	1.251561e-007
4.210000000000003e-001	1.280392e-007
4.220000000000003e-001	1.309840e-007
4.230000000000003e-001	1.339914e-007
4.240000000000003e-001	1.370627e-007
4.250000000000003e-001	1.401989e-007
4.260000000000003e-001	1.434013e-007
4.270000000000003e-001	1.466708e-007
4.280000000000003e-001	1.500087e-007
4.290000000000003e-001	1.534161e-007
4.300000000000003e-001	1.568942e-007
4.310000000000003e-001	1.604442e-007
4.320000000000003e-001	1.640670e-007
4.330000000000003e-001	1.677641e-007
4.340000000000003e-001	1.715364e-007
4.350000000000003e-001	1.753852e-007
4.360000000000003e-001	1.793116e-007
4.370000000000003e-001	1.833167e-007
4.380000000000003e-001	1.874017e-007
4.390000000000003e-001	1.915677e-007
4.400000000000003e-001	1.958159e-007
4.410000000000003e-001	2.001472e-007
4.420000000000003e-001	2.045630e-007
4.430000000000003e-001	2.090641e-007
4.440000000000003e-001	2.136517e-007
4.450000000000003e-001	2.183269e-007
4.460000000000003e-001	2.230906e-007
4.470000000000003e-001	2.279438e-007
4.480000000000003e-001	2.328875e-007
4.490000000000003e-001	2.379226e-007
4.500000000000003e-001	2.430500e-007
4.510000000000004e-001	2.482707e-007
4.520000000000004e-001	2.535854e-007
4.530000000000004e-001	2.589949e-007
4.540000000000004e-001	2.645000e-007
4.550000000000004e-001	2.701014e-007
4.560000000000004e-001	2.757997e-007
4.570000000000004e-001	2.815956e-007
4.580000000000004e-001	2.874895e-007
4.590000000000004e-001	2.934819e-007
4.600000000000004e-001	2.995735e-007
4.610000000000004e-001	3.057643e-007
4.620000000000004e-001	3.120549e-007
4.630000000000004e-001	3.184454e-007
4.640000000000004e-001	3.249359e-007
4.650000000000004e-001	3.315267e-007
4.660000000000004e-001	3.382177e-007
4.670000000000004e-001	3.450088e-007
4.680000000000004e-001	3.519000e-007
4.690000000000004e-001	3.588910e-007
4.700000000000004e-001	3.659816e-007
4.710000000000004e-001	3.731714e-007
4.720000000000004e-001	3.804600e-007
4.730000000000004e-001	3.878468e-007
4.740000000000004e-001	3.953311e-007
4.750000000000004e-001	4.029124e-007
4.760000000000004e-001	4.105899e-007
4.770000000000004e-001	4.183626e-007
4.780000000000004e-001	4.262297e-007
4.790000000000004e-001	4.341901e-007
4.800000000000004e-001	4.422427e-007
4.810000000000004e-001	4.503863e-007
4.820000000000004e-001	4.586197e-007
4.830000000000004e-001	4.669416e-007
4.840000000000004e-001	4.753505e-007
4.850000000000004e-001	4.838449e-007
4.860000000000004e-001	4.924234e-007
4.870000000000004e-001	5.010843e-007
4.880000000000004e-001	5.098259e-007
4.890000000000004e-001	5.186465e-007
4.900000000000004e-001	5.275442e-007
4.910000000000004e-001	5.365172e-007
4.920000000000004e-001	5.455638e-007
4.930000000000004e-001	5.546817e-007
4.940000000000004e-001	5.638691e-007
4.950000000000004e-001	5.731239e-007
4.960000000000004e-001	5.824440e-007
4.970000000000004e-001	5.918275e-007
4.980000000000004e-001	6.012719e-007
4.990000000000004e-001	6.107752e-007
5.000000000000003e-001	6.203352e-007
5.010000000000003e-001	6.299496e-007
5.020000000000003e-001	6.396162e-007
5.030000000000003e-001	6.493327e-007
5.040000000000003e-001	6.590969e-007
5.050000000000003e-001	6.689064e-007
5.060000000000003e-001	6.787589e-007
5.070000000000003e-001	6.886521e-007
5.080000000000003e-001	6.985836e-007
5.090000000000003e-001	7.085513e-007
5.100000000000003e-001	7.185527e-007
5.110000000000003e-001	7.285856e-007
5.120000000000003e-001	7.386476e-007
5.130000000000003e-001	7.487364e-007
5.140000000000004e-001	7.588498e-007
5.150000000000004e-001	7.689854e-007
5.160000000000004e-001	7.791411e-007
5.170000000000004e-001	7.893146e-007
5.180000000000004e-001	7.995035e-007
5.190000000000004e-001	8.097058e-007
5.200000000000004e-001	8.199193e-007
5.210000000000004e-001	8.301416e-007
5.220000000000004e-001	8.403707e-007
5.230000000000004e-001	8.506046e-007
5.240000000000004e-001	8.608410e-007
5.250000000000004e-001	8.710779e-007
5.260000000000004e-001	8.813133e-007
5.270000000000004e-001	8.915451e-007
5.280000000000004e-001	9.017714e-007
5.290000000000004e-001	9.119902e-007
5.300000000000004e-001	9.221996e-007
5.310000000000004e-001	9.323977e-007
5.320000000000004e-001	9.425825e-007
5.330000000000004e-001	9.527524e-007
5.340000000000004e-001	9.629055e-007
5.350000000000004e-001	9.730400e-007
5.360000000000004e-001	9.831541e-007
5.370000000000004e-001	9.932463e-007
5.380000000000004e-001	1.003315e-006
5.390000000000004e-001	1.013358e-006
5.400000000000004e-001	1.023375e-006
5.410000000000004e-001	1.033363e-006
5.420000000000004e-001	1.043321e-006
5.430000000000004e-001	1.053248e-006
5.440000000000004e-001	1.063142e-006
5.450000000000004e-001	1.073001e-006
5.460000000000004e-001	1.082826e-006
5.470000000000004e-001	1.092613e-006
5.480000000000004e-001	1.102362e-006
5.490000000000004e-001	1.112072e-006
5.500000000000004e-001	1.121741e-006
5.510000000000004e-001	1.131368e-006
5.520000000000004e-001	1.140952e-006
5.530000000000004e-001	1.150492e-006
5.540000000000004e-001	1.159987e-006
5.550000000000004e-001	1.169435e-006
5.560000000000004e-001	1.178837e-006
5.570000000000004e-001	1.188190e-006
5.580000000000004e-001	1.197494e-006
5.590000000000004e-001	1.206748e-006
5.600000000000004e-001	1.215952e-006
5.610000000000004e-001	1.225104e-006
5.620000000000004e-001	1.234203e-006
5.630000000000004e-001	1.243249e-006
5.640000000000004e-001	1.252242e-006
5.650000000000004e-001	1.261179e-006
5.660000000000004e-001	1.270062e-006
5.670000000000004e-001	1.278888e-006
5.680000000000004e-001	1.287659e-006
5.690000000000004e-001	1.296372e-006
5.700000000000004e-001	1.305027e-006
5.710000000000004e-001	1.313625e-006
5.720000000000004e-001	1.322164e-006
5.730000000000004e-001	1.330644e-006
5.740000000000004e-001	1.339065e-006
5.750000000000004e-001	1.347426e-006
5.760000000000004e-001	1.355727e-006
5.770000000000004e-001	1.363968e-006
5.780000000000004e-001	1.372148e-006
5.790000000000004e-001	1.380267e-006
5.800000000000004e-001	1.388325e-006
5.810000000000004e-001	1.396322e-006
5.820000000000004e-001	1.404257e-006
5.830000000000004e-001	1.412130e-006
5.840000000000004e-001	1.419941e-006
5.850000000000004e-001	1.427690e-006
5.860000000000004e-001	1.435378e-006
5.870000000000004e-001	1.443003e-006
5.880000000000004e-001	1.450565e-006
5.890000000000004e-001	1.458066e-006
5.900000000000004e-001	1.465504e-006
5.910000000000004e-001	1.472880e-006
5.920000000000004e-001	1.480193e-006
5.930000000000004e-001	1.487444e-006
5.940000000000004e-001	1.494633e-006
5.950000000000004e-001	1.501761e-006
5.960000000000004e-001	1.508826e-006
5.970000000000004e-001	1.515829e-006
5.980000000000004e-001	1.522770e-006
5.990000000000004e-001	1.529650e-006
6.000000000000004e-001	1.536468e-006
6.010000000000004e-001	1.543226e-006
6.020000000000004e-001	1.549922e-006
6.030000000000004e-001	1.556557e-006
6.040000000000004e-001	1.563131e-006
6.050000000000004e-001	1.569645e-006
6.060000000000004e-001	1.576099e-006
6.070000000000004e-001	1.582493e-006
6.080000000000004e-001	1.588828e-006
6.090000000000004e-001	1.595103e-006
6.100000000000004e-001	1.601318e-006
6.110000000000004e-001	1.607475e-006
6.120000000000004e-001	1.613574e-006
6.130000000000004e-001	1.619614e-006
6.140000000000004e-001	1.625597e-006
6.150000000000004e-001	1.631521e-006
6.160000000000004e-001	1.637389e-006
6.170000000000004e-001	1.643200e-006
6.180000000000004e-001	1.648954e-006
6.190000000000004e-001	1.654652e-006
6.200000000000004e-001	1.660295e-006
6.210000000000004e-001	1.665882e-006
6.220000000000004e-001	1.671414e-006
6.230000000000004e-001	1.676891e-006
6.240000000000004e-001	1.682314e-006
6.250000000000004e-001	1.687683e-006
6.260000000000004e-001	1.692999e-006
6.270000000000005e-001	1.698261e-006
6.280000000000005e-001	1.703471e-006
6.290000000000005e-001	1.708629e-006
6.300000000000005e-001	1.713735e-006
6.310000000000005e-001	1.718789e-006
6.320000000000005e-001	1.723792e-006
6.330000000000005e-001	1.728745e-006
6.340000000000005e-001	1.733648e-006
6.350000000000005e-001	1.738500e-006
6.360000000000005e-001	1.743304e-006
6.370000000000005e-001	1.748059e-006
6.380000000000005e-001	1.752765e-006
6.390000000000005e-001	1.757423e-006
6.400000000000005e-001	1.762034e-006
6.410000000000005e-001	1.766597e-006
6.420000000000005e-001	1.771113e-006
6.430000000000005e-001	1.775584e-006
6.440000000000005e-001	1.780008e-006
6.450000000000005e-001	1.784387e-006
6.460000000000005e-001	1.788721e-006
6.470000000000005e-001	1.793010e-006
6.480000000000005e-001	1.797255e-006
6.490000000000005e-001	1.801457e-006
6.500000000000005e-001	1.805615e-006
6.510000000000005e-001	1.809730e-006
6.520000000000005e-001	1.813803e-006
6.530000000000005e-001	1.817834e-006
6.540000000000005e-001	1.821823e-006
6.550000000000005e-001	1.825771e-006
6.560000000000005e-001	1.829678e-006
6.570000000000005e-001	1.833545e-006
6.580000000000005e-001	1.837372e-006
6.590000000000005e-001	1.841160e-006
6.600000000000005e-001	1.844908e-006
6.610000000000005e-001	1.848618e-006
6.620000000000005e-001	1.852289e-006
6.630000000000005e-001	1.855923e-006
6.640000000000005e-001	1.859519e-006
6.650000000000005e-001	1.863078e-006
6.660000000000005e-001	1.866600e-006
6.670000000000005e-001	1.870087e-006
6.680000000000005e-001	1.873537e-006
6.690000000000005e-001	1.876952e-006
6.700000000000005e-001	1.880331e-006
6.710000000000005e-001	1.883676e-006
6.720000000000005e-001	1.886987e-006
6.730000000000005e-001	1.890264e-006
6.740000000000005e-001	1.893507e-006
6.750000000000005e-001	1.896717e-006
6.760000000000005e-001	1.899894e-006
6.770000000000005e-001	1.903039e-006
6.780000000000005e-001	1.906152e-006
6.790000000000005e-001	1.909233e-006
6.800000000000005e-001	1.912282e-006
6.810000000000005e-001	1.915301e-006
6.820000000000005e-001	1.918289e-006
6.830000000000005e-001	1.921247e-006
6.840000000000005e-001	1.924175e-006
6.850000000000005e-001	1.927073e-006
6.860000000000005e-001	1.929941e-006
6.870000000000005e-001	1.932782e-006
6.880000000000005e-001	1.935593e-006
6.890000000000005e-001	1.938376e-006
6.900000000000005e-001	1.941131e-006
6.910000000000005e-001	1.943859e-006
6.920000000000005e-001	1.946559e-006
6.930000000000005e-001	1.949232e-006
6.940000000000005e-001	1.951879e-006
6.950000000000005e-001	1.954499e-006
6.960000000000005e-001	1.957094e-006
6.970000000000005e-001	1.959662e-006
6.980000000000005e-001	1.962205e-006
6.990000000000005e-001	1.964723e-006
7.000000000000005e-001	1.967217e-006
7.010000000000005e-001	1.969685e-006
7.020000000000005e-001	1.972130e-006
7.030000000000005e-001	1.974551e-006
7.040000000000005e-001	1.976947e-006
7.050000000000005e-001	1.979321e-006
7.060000000000005e-001	1.981671e-006
7.070000000000005e-001	1.983999e-006
7.080000000000005e-001	1.986303e-006
7.090000000000005e-001	1.988586e-006
7.100000000000005e-001	1.990847e-006
7.110000000000005e-001	1.993086e-006
7.120000000000005e-001	1.995303e-006
7.130000000000005e-001	1.997499e-006
7.140000000000005e-001	1.999674e-006
7.150000000000005e-001	2.001828e-006
7.160000000000005e-001	2.003962e-006
7.170000000000005e-001	2.006075e-006
7.180000000000005e-001	2.008169e-006
7.190000000000005e-001	2.010243e-006
7.200000000000005e-001	2.012297e-006
7.210000000000005e-001	2.014332e-006
7.220000000000005e-001	2.016347e-006
7.230000000000005e-001	2.018345e-006
7.240000000000005e-001	2.020323e-006
7.250000000000005e-001	2.022283e-006
7.260000000000005e-001	2.024224e-006
7.270000000000005e-001	2.026148e-006
7.280000000000005e-001	2.028054e-006
7.290000000000005e-001	2.029942e-006
7.300000000000005e-001	2.031813e-006
7.310000000000005e-001	2.033667e-006
7.320000000000005e-001	2.035504e-006
7.330000000000005e-001	2.037325e-006
7.340000000000005e-001	2.039129e-006
7.350000000000005e-001	2.040916e-006
7.360000000000005e-001	2.042687e-006
7.370000000000005e-001	2.044442e-006
7.380000000000005e-001	2.046182e-006
7.390000000000006e-001	2.047906e-006
7.400000000000006e-001	2.049615e-006
7.410000000000006e-001	2.051308e-006
7.420000000000006e-001	2.052987e-006
7.430000000000006e-001	2.054650e-006
7.440000000000006e-001	2.056299e-006
7.450000000000006e-001	2.057933e-006
7.460000000000006e-001	2.059553e-006
7.470000000000006e-001	2.061159e-006
7.480000000000006e-001	2.062751e-006
7.490000000000006e-001	2.064329e-006
7.500000000000006e-001	2.065894e-006
7.510000000000006e-001	2.067445e-006
7.520000000000006e-001	2.068982e-006
7.530000000000006e-001	2.070507e-006
7.540000000000006e-001	2.072018e-006
7.550000000000006e-001	2.073516e-006
7.560000000000006e-001	2.075002e-006
7.570000000000006e-001	2.076475e-006
7.580000000000006e-001	2.077936e-006
7.590000000000006e-001	2.079385e-006
7.600000000000006e-001	2.080821e-006
7.610000000000006e-001	2.082245e-006
7.620000000000006e-001	2.083657e-006
7.630000000000006e-001	2.085058e-006
7.640000000000006e-001	2.086447e-006
7.650000000000006e-001	2.087824e-006
7.660000000000006e-001	2.089191e-006
7.670000000000006e-001	2.090546e-006
7.680000000000006e-001	2.091890e-006
7.690000000000006e-001	2.093223e-006
7.700000000000006e-001	2.094545e-006
7.710000000000006e-001	2.095856e-006
7.720000000000006e-001	2.097157e-006
7.730000000000006e-001	2.098448e-006
7.740000000000006e-001	2.099728e-006
7.750000000000006e-001	2.100998e-006
7.760000000000006e-001	2.102257e-006
7.770000000000006e-001	2.103507e-006
7.780000000000006e-001	2.104747e-006
7.790000000000006e-001	2.105977e-006
7.800000000000006e-001	2.107198e-006
7.810000000000006e-001	2.108409e-006
7.820000000000006e-001	2.109610e-006
7.830000000000006e-001	2.110802e-006
7.840000000000006e-001	2.111985e-006
7.850000000000006e-001	2.113159e-006
7.860000000000006e-001	2.114323e-006
7.870000000000006e-001	2.115479e-006
7.880000000000006e-001	2.116626e-006
7.890000000000006e-001	2.117765e-006
7.900000000000006e-001	2.118894e-006
7.910000000000006e-001	2.120015e-006
7.920000000000006e-001	2.121128e-006
7.930000000000006e-001	2.122232e-006
7.940000000000006e-001	2.123328e-006
7.950000000000006e-001	2.124416e-006
7.960000000000006e-001	2.125496e-006
7.970000000000006e-001	2.126568e-006
7.980000000000006e-001	2.127632e-006
7.990000000000006e-001	2.128688e-006
8.000000000000006e-001	2.129736e-006
8.010000000000006e-001	2.130777e-006
8.020000000000006e-001	2.131810e-006
8.030000000000006e-001	2.132835e-006
8.040000000000006e-001	2.133854e-006
8.050000000000006e-001	2.134864e-006
8.060000000000006e-001	2.135868e-006
8.070000000000006e-001	2.136864e-006
8.080000000000006e-001	2.137854e-006
8.090000000000006e-001	2.138836e-006
8.100000000000006e-001	2.139812e-006
8.110000000000006e-001	2.140780e-006
8.120000000000006e-001	2.141742e-006
8.130000000000006e-001	2.142697e-006
8.140000000000006e-001	2.143645e-006
8.150000000000006e-001	2.144587e-006
8.160000000000006e-001	2.145522e-006
8.170000000000006e-001	2.146451e-006
8.180000000000006e-001	2.147373e-006
8.190000000000006e-001	2.148289e-006
8.200000000000006e-001	2.149199e-006
8.210000000000006e-001	2.150103e-006
8.220000000000006e-001	2.151000e-006
8.230000000000006e-001	2.151891e-006
8.240000000000006e-001	2.152777e-006
8.250000000000006e-001	2.153656e-006
8.260000000000006e-001	2.154530e-006
8.270000000000006e-001	2.155398e-006
8.280000000000006e-001	2.156260e-006
8.290000000000006e-001	2.157116e-006
8.300000000000006e-001	2.157967e-006
8.310000000000006e-001	2.158812e-006
8.320000000000006e-001	2.159651e-006
8.330000000000006e-001	2.160485e-006
8.340000000000006e-001	2.161314e-006
8.350000000000006e-001	2.162137e-006
8.360000000000006e-001	2.162955e-006
8.370000000000006e-001	2.163768e-006
8.380000000000006e-001	2.164576e-006
8.390000000000006e-001	2.165378e-006
8.400000000000006e-001	2.166175e-006
8.410000000000006e-001	2.166967e-006
8.420000000000006e-001	2.167754e-006
8.430000000000006e-001	2.168537e-006
8.440000000000006e-001	2.169314e-006
8.450000000000006e-001	2.170087e-006
8.460000000000006e-001	2.170854e-006
8.470000000000006e-001	2.171617e-006
8.480000000000006e-001	2.172375e-006
8.490000000000006e-001	2.173129e-006
8.500000000000006e-001	2.173878e-006
8.510000000000006e-001	2.174622e-006
8.520000000000007e-001	2.175362e-006
8.530000000000007e-001	2.176097e-006
8.540000000000007e-001	2.176828e-006
8.550000000000007e-001	2.177554e-006
8.560000000000007e-001	2.178276e-006
8.570000000000007e-001	2.178994e-006
8.580000000000007e-001	2.179707e-006
8.590000000000007e-001	2.180416e-006
8.600000000000007e-001	2.181121e-006
8.610000000000007e-001	2.181822e-006
8.620000000000007e-001	2.182518e-006
8.630000000000007e-001	2.183211e-006
8.640000000000007e-001	2.183899e-006
8.650000000000007e-001	2.184584e-006
8.660000000000007e-001	2.185264e-006
8.670000000000007e-001	2.185941e-006
8.680000000000007e-001	2.186613e-006
8.690000000000007e-001	2.187282e-006
8.700000000000007e-001	2.187947e-006
8.710000000000007e-001	2.188608e-006
8.720000000000007e-001	2.189265e-006
8.730000000000007e-001	2.189919e-006
8.740000000000007e-001	2.190569e-006
8.750000000000007e-001	2.191215e-006
8.760000000000007e-001	2.191857e-006
8.770000000000007e-001	2.192496e-006
8.780000000000007e-001	2.193132e-006
8.790000000000007e-001	2.193764e-006
8.800000000000007e-001	2.194392e-006
8.810000000000007e-001	2.195017e-006
8.820000000000007e-001	2.195638e-006
8.830000000000007e-001	2.196256e-006
8.840000000000007e-001	2.196871e-006
8.850000000000007e-001	2.197482e-006
8.860000000000007e-001	2.198090e-006
8.870000000000007e-001	2.198695e-006
8.880000000000007e-001	2.199296e-006
8.890000000000007e-001	2.199894e-006
8.900000000000007e-001	2.200489e-006
8.910000000000007e-001	2.201081e-006
8.920000000000007e-001	2.201669e-006
8.930000000000007e-001	2.202255e-006
8.940000000000007e-001	2.202837e-006
8.950000000000007e-001	2.203416e-006
8.960000000000007e-001	2.203992e-006
8.970000000000007e-001	2.204566e-006
8.980000000000007e-001	2.205136e-006
8.990000000000007e-001	2.205703e-006
9.000000000000007e-001	2.206267e-006
9.010000000000007e-001	2.206828e-006
9.020000000000007e-001	2.207387e-006
9.030000000000007e-001	2.207942e-006
9.040000000000007e-001	2.208495e-006
9.050000000000007e-001	2.209045e-006
9.060000000000007e-001	2.209592e-006
9.070000000000007e-001	2.210136e-006
9.080000000000007e-001	2.210677e-006
9.090000000000007e-001	2.211216e-006
9.100000000000007e-001	2.211752e-006
9.110000000000007e-001	2.212285e-006
9.120000000000007e-001	2.212816e-006
9.130000000000007e-001	2.213344e-006
9.140000000000007e-001	2.213869e-006
9.150000000000007e-001	2.214392e-006
9.160000000000007e-001	2.214912e-006
9.170000000000007e-001	2.215430e-006
9.180000000000007e-001	2.215945e-006
9.190000000000007e-001	2.216457e-006
9.200000000000007e-001	2.216967e-006
9.210000000000007e-001	2.217475e-006
9.220000000000007e-001	2.217979e-006
9.230000000000007e-001	2.218482e-006
9.240000000000007e-001	2.218982e-006
9.250000000000007e-001	2.219480e-006
9.260000000000007e-001	2.219975e-006
9.270000000000007e-001	2.220468e-006
9.280000000000007e-001	2.220959e-006
9.290000000000007e-001	2.221447e-006
9.300000000000007e-001	2.221933e-006
9.310000000000007e-001	2.222416e-006
9.320000000000007e-001	2.222898e-006
9.330000000000007e-001	2.223377e-006
9.340000000000007e-001	2.223854e-006
9.350000000000007e-001	2.224328e-006
9.360000000000007e-001	2.224801e-006
9.370000000000007e-001	2.225271e-006
9.380000000000007e-001	2.225739e-006
9.390000000000007e-001	2.226205e-006
9.400000000000007e-001	2.226668e-006
9.410000000000007e-001	2.227130e-006
9.420000000000007e-001	2.227589e-006
9.430000000000007e-001	2.228046e-006
9.440000000000007e-001	2.228501e-006
9.450000000000007e-001	2.228955e-006
9.460000000000007e-001	2.229406e-006
9.470000000000007e-001	2.229855e-006
9.480000000000007e-001	2.230302e-006
9.490000000000007e-001	2.230747e-006
9.500000000000007e-001	2.231190e-006
9.510000000000007e-001	2.231631e-006
9.520000000000007e-001	2.232070e-006
9.530000000000007e-001	2.232507e-006
9.540000000000007e-001	2.232942e-006
9.550000000000007e-001	2.233375e-006
9.560000000000007e-001	2.233806e-006
9.570000000000007e-001	2.234236e-006
9.580000000000007e-001	2.234663e-006
9.590000000000007e-001	2.235088e-006
9.600000000000007e-001	2.235512e-006
9.610000000000007e-001	2.235934e-006
9.620000000000007e-001	2.236354e-006
9.630000000000007e-001	2.236772e-006
9.640000000000008e-001	2.237189e-006
9.650000000000008e-001	2.237603e-006
9.660000000000008e-001	2.238016e-006
9.670000000000008e-001	2.238427e-006
9.680000000000008e-001	2.238836e-006
9.690000000000008e-001	2.239244e-006
9.700000000000008e-001	2.239650e-006
9.710000000000008e-001	2.240054e-006
9.720000000000008e-001	2.240456e-006
9.730000000000008e-001	2.240857e-006
9.740000000000008e-001	2.241256e-006
9.750000000000008e-001	2.241653e-006
9.760000000000008e-001	2.242049e-006
9.770000000000008e-001	2.242443e-006
9.780000000000008e-001	2.242835e-006
9.790000000000008e-001	2.243226e-006
9.800000000000008e-001	2.243615e-006
9.810000000000008e-001	2.244002e-006
9.820000000000008e-001	2.244388e-006
9.830000000000008e-001	2.244772e-006
9.840000000000008e-001	2.245155e-006
9.850000000000008e-001	2.245536e-006
9.860000000000008e-001	2.245916e-006
9.870000000000008e-001	2.246293e-006
9.880000000000008e-001	2.246670e-006
9.890000000000008e-001	2.247045e-006
9.900000000000008e-001	2.247418e-006
9.910000000000008e-001	2.247790e-006
9.920000000000008e-001	2.248160e-006
9.930000000000008e-001	2.248529e-006
9.940000000000008e-001	2.248897e-006
9.950000000000008e-001	2.249263e-006
9.960000000000008e-001	2.249627e-006
9.970000000000008e-001	2.249990e-006
9.980000000000008e-001	2.250352e-006
9.990000000000008e-001	2.250712e-006
1.000000000000001e+000	2.251070e-006
1.001000000000001e+000	2.251428e-006
1.002000000000000e+000	2.251783e-006
1.003000000000000e+000	2.252138e-006
1.004000000000000e+000	2.252491e-006
1.005000000000000e+000	2.252843e-006
1.006000000000000e+000	2.253193e-006
1.007000000000000e+000	2.253542e-006
1.008000000000000e+000	2.253890e-006
1.009000000000000e+000	2.254236e-006
1.010000000000000e+000	2.254581e-006
1.011000000000000e+000	2.254924e-006
1.011999999999999e+000	2.255266e-006
1.012999999999999e+000	2.255607e-006
1.013999999999999e+000	2.255947e-006
1.014999999999999e+000	2.256285e-006
1.015999999999999e+000	2.256622e-006
1.016999999999999e+000	2.256958e-006
1.017999999999999e+000	2.257292e-006
1.018999999999999e+000	2.257626e-006
1.019999999999999e+000	2.257957e-006
1.020999999999998e+000	2.258288e-006
1.021999999999998e+000	2.258617e-006
1.022999999999998e+000	2.258945e-006
1.023999999999998e+000	2.259272e-006
1.024999999999998e+000	2.259598e-006
1.025999999999998e+000	2.259923e-006
1.026999999999998e+000	2.260246e-006
1.027999999999998e+000	2.260568e-006
1.028999999999998e+000	2.260889e-006
1.029999999999997e+000	2.261208e-006
1.030999999999997e+000	2.261527e-006
1.031999999999997e+000	2.261844e-006
1.032999999999997e+000	2.262160e-006
1.033999999999997e+000	2.262475e-006
1.034999999999997e+000	2.262789e-006
1.035999999999997e+000	2.263102e-006
1.036999999999997e+000	2.263413e-006
1.037999999999997e+000	2.263724e-006
1.038999999999996e+000	2.264033e-006
1.039999999999996e+000	2.264341e-006
1.040999999999996e+000	2.264648e-006
1.041999999999996e+000	2.264954e-006
1.042999999999996e+000	2.265259e-006
1.043999999999996e+000	2.265562e-006
1.044999999999996e+000	2.265865e-006
1.045999999999996e+000	2.266167e-006
1.046999999999996e+000	2.266467e-006
1.047999999999995e+000	2.266766e-006
1.048999999999995e+000	2.267065e-006
1.049999999999995e+000	2.267362e-006
1.050999999999995e+000	2.267658e-006
1.051999999999995e+000	2.267953e-006
1.052999999999995e+000	2.268247e-006
1.053999999999995e+000	2.268540e-006
1.054999999999995e+000	2.268832e-006
1.055999999999995e+000	2.269123e-006
1.056999999999994e+000	2.269413e-006
1.057999999999994e+000	2.269702e-006
1.058999999999994e+000	2.269990e-006
1.059999999999994e+000	2.270277e-006
1.060999999999994e+000	2.270563e-006
1.061999999999994e+000	2.270848e-006
1.062999999999994e+000	2.271132e-006
1.063999999999994e+000	2.271415e-006
1.064999999999994e+000	2.271697e-006
1.065999999999993e+000	2.271978e-006
1.066999999999993e+000	2.272257e-006
1.067999999999993e+000	2.272536e-006
1.068999999999993e+000	2.272815e-006
1.069999999999993e+000	2.273092e-006
1.070999999999993e+000	2.273368e-006
1.071999999999993e+000	2.273643e-006
1.072999999999993e+000	2.273918e-006
1.073999999999993e+000	2.274191e-006
1.074999999999992e+000	2.274463e-006
1.075999999999992e+000	2.274735e-006
1.076999999999992e+000	2.275005e-006
1.077999999999992e+000	2.275275e-006
1.078999999999992e+000	2.275544e-006
1.079999999999992e+000	2.275812e-006
1.080999999999992e+000	2.276078e-006
1.081999999999992e+000	2.276345e-006
1.082999999999992e+000	2.276610e-006
1.083999999999991e+000	2.276874e-006
1.084999999999991e+000	2.277137e-006
1.085999999999991e+000	2.277400e-006
1.086999999999991e+000	2.277662e-006
1.087999999999991e+000	2.277922e-006
1.088999999999991e+000	2.278182e-006
1.089999999999991e+000	2.278441e-006
1.090999999999991e+000	2.278699e-006
1.091999999999991e+000	2.278957e-006
1.092999999999990e+000	2.279213e-006
1.093999999999990e+000	2.279469e-006
1.094999999999990e+000	2.279724e-006
1.095999999999990e+000	2.279978e-006
1.096999999999990e+000	2.280231e-006
1.097999999999990e+000	2.280483e-006
1.098999999999990e+000	2.280735e-006
1.099999999999990e+000	2.280985e-006
1.100999999999990e+000	2.281235e-006
1.101999999999989e+000	2.281484e-006
1.102999999999989e+000	2.281732e-006
1.103999999999989e+000	2.281980e-006
1.104999999999989e+000	2.282226e-006
1.105999999999989e+000	2.282472e-006
1.106999999999989e+000	2.282717e-006
1.107999999999989e+000	2.282962e-006
1.108999999999989e+000	2.283205e-006
1.109999999999989e+000	2.283448e-006
1.110999999999988e+000	2.283690e-006
1.111999999999988e+000	2.283931e-006
1.112999999999988e+000	2.284171e-006
1.113999999999988e+000	2.284411e-006
1.114999999999988e+000	2.284650e-006
1.115999999999988e+000	2.284888e-006
1.116999999999988e+000	2.285125e-006
1.117999999999988e+000	2.285362e-006
1.118999999999988e+000	2.285597e-006
1.119999999999988e+000	2.285833e-006
1.120999999999987e+000	2.286067e-006
1.121999999999987e+000	2.286301e-006
1.122999999999987e+000	2.286533e-006
1.123999999999987e+000	2.286765e-006
1.124999999999987e+000	2.286997e-006
1.125999999999987e+000	2.287228e-006
1.126999999999987e+000	2.287458e-006
1.127999999999987e+000	2.287687e-006
1.128999999999987e+000	2.287916e-006
1.129999999999986e+000	2.288143e-006
1.130999999999986e+000	2.288371e-006
1.131999999999986e+000	2.288597e-006
1.132999999999986e+000	2.288823e-006
1.133999999999986e+000	2.289048e-006
1.134999999999986e+000	2.289272e-006
1.135999999999986e+000	2.289496e-006
1.136999999999986e+000	2.289719e-006
1.137999999999986e+000	2.289941e-006
1.138999999999985e+000	2.290162e-006
1.139999999999985e+000	2.290383e-006
1.140999999999985e+000	2.290604e-006
1.141999999999985e+000	2.290823e-006
1.142999999999985e+000	2.291042e-006
1.143999999999985e+000	2.291260e-006
1.144999999999985e+000	2.291478e-006
1.145999999999985e+000	2.291695e-006
1.146999999999985e+000	2.291911e-006
1.147999999999984e+000	2.292127e-006
1.148999999999984e+000	2.292342e-006
1.149999999999984e+000	2.292556e-006
1.150999999999984e+000	2.292770e-006
1.151999999999984e+000	2.292983e-006
1.152999999999984e+000	2.293195e-006
1.153999999999984e+000	2.293407e-006
1.154999999999984e+000	2.293618e-006
1.155999999999984e+000	2.293829e-006
1.156999999999983e+000	2.294038e-006
1.157999999999983e+000	2.294248e-006
1.158999999999983e+000	2.294456e-006
1.159999999999983e+000	2.294664e-006
1.160999999999983e+000	2.294872e-006
1.161999999999983e+000	2.295079e-006
1.162999999999983e+000	2.295285e-006
1.163999999999983e+000	2.295490e-006
1.164999999999983e+000	2.295695e-006
1.165999999999982e+000	2.295899e-006
1.166999999999982e+000	2.296103e-006
1.167999999999982e+000	2.296306e-006
1.168999999999982e+000	2.296509e-006
1.169999999999982e+000	2.296711e-006
1.170999999999982e+000	2.296912e-006
1.171999999999982e+000	2.297113e-006
1.172999999999982e+000	2.297313e-006
1.173999999999982e+000	2.297513e-006
1.174999999999981e+000	2.297712e-006
1.175999999999981e+000	2.297910e-006
1.176999999999981e+000	2.298108e-006
1.177999999999981e+000	2.298305e-006
1.178999999999981e+000	2.298502e-006
1.179999999999981e+000	2.298698e-006
1.180999999999981e+000	2.298894e-006
1.181999999999981e+000	2.299089e-006
1.182999999999981e+000	2.299283e-006
1.183999999999980e+000	2.299477e-006
1.184999999999980e+000	2.299670e-006
1.185999999999980e+000	2.299863e-006
1.186999999999980e+000	2.300055e-006
1.187999999999980e+000	2.300247e-006
1.188999999999980e+000	2.300438e-006
1.189999999999980e+000	2.300629e-006
1.190999999999980e+000	2.300819e-006
1.191999999999980e+000	2.301008e-006
1.192999999999979e+000	2.301197e-006
1.193999999999979e+000	2.301386e-006
1.194999999999979e+000	2.301574e-006
1.195999999999979e+000	2.301761e-006
1.196999999999979e+000	2.301948e-006
1.197999999999979e+000	2.302134e-006
1.198999999999979e+000	2.302320e-006
1.199999999999979e+000	2.302505e-006
1.200999999999979e+000	2.302690e-006
1.201999999999978e+000	2.302874e-006
1.202999999999978e+000	2.303058e-006
1.203999999999978e+000	2.303241e-006
1.204999999999978e+000	2.303424e-006
1.205999999999978e+000	2.303606e-006
1.206999999999978e+000	2.303787e-006
1.207999999999978e+000	2.303969e-006
1.208999999999978e+000	2.304149e-006
1.209999999999978e+000	2.304329e-006
1.210999999999977e+000	2.304509e-006
1.211999999999977e+000	2.304688e-006
1.212999999999977e+000	2.304867e-006
1.213999999999977e+000	2.305045e-006
1.214999999999977e+000	2.305223e-006
1.215999999999977e+000	2.305400e-006
1.216999999999977e+000	2.305577e-006
1.217999999999977e+000	2.305753e-006
1.218999999999977e+000	2.305928e-006
1.219999999999976e+000	2.306104e-006
1.220999999999976e+000	2.306278e-006
1.221999999999976e+000	2.306453e-006
1.222999999999976e+000	2.306626e-006
1.223999999999976e+000	2.306800e-006
1.224999999999976e+000	2.306973e-006
1.225999999999976e+000	2.307145e-006
1.226999999999976e+000	2.307317e-006
1.227999999999976e+000	2.307488e-006
1.228999999999975e+000	2.307659e-006
1.229999999999975e+000	2.307830e-006
1.230999999999975e+000	2.308000e-006
1.231999999999975e+000	2.308170e-006
1.232999999999975e+000	2.308338e-006
1.233999999999975e+000	2.308507e-006
1.234999999999975e+000	2.308675e-006
1.235999999999975e+000	2.308843e-006
1.236999999999975e+000	2.309011e-006
1.237999999999975e+000	2.309177e-006
1.238999999999974e+000	2.309344e-006
1.239999999999974e+000	2.309510e-006
1.240999999999974e+000	2.309675e-006
1.241999999999974e+000	2.309840e-006
1.242999999999974e+000	2.310005e-006
1.243999999999974e+000	2.310169e-006
1.244999999999974e+000	2.310333e-006
1.245999999999974e+000	2.310496e-006
1.246999999999974e+000	2.310659e-006
1.247999999999973e+000	2.310822e-006
1.248999999999973e+000	2.310984e-006
1.249999999999973e+000	2.311145e-006
1.250999999999973e+000	2.311306e-006
1.251999999999973e+000	2.311467e-006
1.252999999999973e+000	2.311627e-006
1.253999999999973e+000	2.311787e-006
1.254999999999973e+000	2.311947e-006
1.255999999999973e+000	2.312106e-006
1.256999999999972e+000	2.312265e-006
1.257999999999972e+000	2.312423e-006
1.258999999999972e+000	2.312581e-006
1.259999999999972e+000	2.312738e-006
1.260999999999972e+000	2.312895e-006
1.261999999999972e+000	2.313051e-006
1.262999999999972e+000	2.313207e-006
1.263999999999972e+000	2.313363e-006
1.264999999999972e+000	2.313519e-006
1.265999999999971e+000	2.313674e-006
1.266999999999971e+000	2.313828e-006
1.267999999999971e+000	2.313982e-006
1.268999999999971e+000	2.314136e-006
1.269999999999971e+000	2.314289e-006
1.270999999999971e+000	2.314442e-006
1.271999999999971e+000	2.314595e-006
1.272999999999971e+000	2.314747e-006
1.273999999999971e+000	2.314899e-006
1.274999999999970e+000	2.315050e-006
1.275999999999970e+000	2.315201e-006
1.276999999999970e+000	2.315352e-006
1.277999999999970e+000	2.315502e-006
1.278999999999970e+000	2.315651e-006
1.279999999999970e+000	2.315801e-006
1.280999999999970e+000	2.315950e-006
1.281999999999970e+000	2.316099e-006
1.282999999999970e+000	2.316247e-006
1.283999999999969e+000	2.316395e-006
1.284999999999969e+000	2.316542e-006
1.285999999999969e+000	2.316689e-006
1.286999999999969e+000	2.316836e-006
1.287999999999969e+000	2.316983e-006
1.288999999999969e+000	2.317129e-006
1.289999999999969e+000	2.317274e-006
1.290999999999969e+000	2.317420e-006
1.291999999999969e+000	2.317565e-006
1.292999999999968e+000	2.317709e-006
1.293999999999968e+000	2.317853e-006
1.294999999999968e+000	2.317997e-006
1.295999999999968e+000	2.318141e-006
1.296999999999968e+000	2.318284e-006
1.297999999999968e+000	2.318427e-006
1.298999999999968e+000	2.318569e-006
1.299999999999968e+000	2.318711e-006
1.300999999999968e+000	2.318852e-006
1.301999999999967e+000	2.318994e-006
1.302999999999967e+000	2.319135e-006
1.303999999999967e+000	2.319275e-006
1.304999999999967e+000	2.319416e-006
1.305999999999967e+000	2.319556e-006
1.306999999999967e+000	2.319695e-006
1.307999999999967e+000	2.319834e-006
1.308999999999967e+000	2.319973e-006
1.309999999999967e+000	2.320112e-006
1.310999999999966e+000	2.320250e-006
1.311999999999966e+000	2.320388e-006
1.312999999999966e+000	2.320525e-006
1.313999999999966e+000	2.320662e-006
1.314999999999966e+000	2.320799e-006
1.315999999999966e+000	2.320936e-006
1.316999999999966e+000	2.321072e-006
1.317999999999966e+000	2.321208e-006
1.318999999999966e+000	2.321343e-006
1.319999999999965e+000	2.321478e-006
1.320999999999965e+000	2.321613e-006
1.321999999999965e+000	2.321747e-006
1.322999999999965e+000	2.321882e-006
1.323999999999965e+000	2.322015e-006
1.324999999999965e+000	2.322149e-006
1.325999999999965e+000	2.322282e-006
1.326999999999965e+000	2.322415e-006
1.327999999999965e+000	2.322547e-006
1.328999999999964e+000	2.322679e-006
1.329999999999964e+000	2.322811e-006
1.330999999999964e+000	2.322943e-006
1.331999999999964e+000	2.323074e-006
1.332999999999964e+000	2.323205e-006
1.333999999999964e+000	2.323336e-006
1.334999999999964e+000	2.323466e-006
1.335999999999964e+000	2.323596e-006
1.336999999999964e+000	2.323725e-006
1.337999999999963e+000	2.323855e-006
1.338999999999963e+000	2.323984e-006
1.339999999999963e+000	2.324112e-006
1.340999999999963e+000	2.324241e-006
1.341999999999963e+000	2.324369e-006
1.342999999999963e+000	2.324497e-006
1.343999999999963e+000	2.324624e-006
1.344999999999963e+000	2.324751e-006
1.345999999999963e+000	2.324878e-006
1.346999999999962e+000	2.325005e-006
1.347999999999962e+000	2.325131e-006
1.348999999999962e+000	2.325257e-006
1.349999999999962e+000	2.325382e-006
1.350999999999962e+000	2.325508e-006
1.351999999999962e+000	2.325633e-006
1.352999999999962e+000	2.325757e-006
1.353999999999962e+000	2.325882e-006
1.354999999999962e+000	2.326006e-006
1.355999999999962e+000	2.326130e-006
1.356999999999961e+000	2.326253e-006
1.357999999999961e+000	2.326377e-006
1.358999999999961e+000	2.326499e-006
1.359999999999961e+000	2.326622e-006
1.360999999999961e+000	2.326745e-006
1.361999999999961e+000	2.326867e-006
1.362999999999961e+000	2.326989e-006
1.363999999999961e+000	2.327110e-006
1.364999999999961e+000	2.327231e-006
1.365999999999960e+000	2.327352e-006
1.366999999999960e+000	2.327473e-006
1.367999999999960e+000	2.327593e-006
1.368999999999960e+000	2.327713e-006
1.369999999999960e+000	2.327833e-006
1.370999999999960e+000	2.327953e-006
1.371999999999960e+000	2.328072e-006
1.372999999999960e+000	2.328191e-006
1.373999999999960e+000	2.328310e-006
1.374999999999959e+000	2.328428e-006
1.375999999999959e+000	2.328546e-006
1.376999999999959e+000	2.328664e-006
1.377999999999959e+000	2.328782e-006
1.378999999999959e+000	2.328899e-006
1.379999999999959e+000	2.329016e-006
1.380999999999959e+000	2.329133e-006
1.381999999999959e+000	2.329249e-006
1.382999999999959e+000	2.329366e-006
1.383999999999958e+000	2.329482e-006
1.384999999999958e+000	2.329597e-006
1.385999999999958e+000	2.329713e-006
1.386999999999958e+000	2.329828e-006
1.387999999999958e+000	2.329943e-006
1.388999999999958e+000	2.330057e-006
1.389999999999958e+000	2.330172e-006
1.390999999999958e+000	2.330286e-006
1.391999999999958e+000	2.330399e-006
1.392999999999957e+000	2.330513e-006
1.393999999999957e+000	2.330626e-006
1.394999999999957e+000	2.330739e-006
1.395999999999957e+000	2.330852e-006
1.396999999999957e+000	2.330965e-006
1.397999999999957e+000	2.331077e-006
1.398999999999957e+000	2.331189e-006
1.399999999999957e+000	2.331301e-006
1.400999999999957e+000	2.331412e-006
1.401999999999956e+000	2.331524e-006
1.402999999999956e+000	2.331635e-006
1.403999999999956e+000	2.331745e-006
1.404999999999956e+000	2.331856e-006
1.405999999999956e+000	2.331966e-006
1.406999999999956e+000	2.332076e-006
1.407999999999956e+000	2.332186e-006
1.408999999999956e+000	2.332295e-006
1.409999999999956e+000	2.332404e-006
1.410999999999955e+000	2.332513e-006
1.411999999999955e+000	2.332622e-006
1.412999999999955e+000	2.332731e-006
1.413999999999955e+000	2.332839e-006
1.414999999999955e+000	2.332947e-006
1.415999999999955e+000	2.333055e-006
1.416999999999955e+000	2.333162e-006
1.417999999999955e+000	2.333270e-006
1.418999999999955e+000	2.333376e-006
1.419999999999954e+000	2.333483e-006
1.420999999999954e+000	2.333590e-006
1.421999999999954e+000	2.333696e-006
1.422999999999954e+000	2.333802e-006
1.423999999999954e+000	2.333908e-006
1.424999999999954e+000	2.334014e-006
1.425999999999954e+000	2.334119e-006
1.426999999999954e+000	2.334224e-006
1.427999999999954e+000	2.334329e-006
1.428999999999953e+000	2.334434e-006
1.429999999999953e+000	2.334538e-006
1.430999999999953e+000	2.334642e-006
1.431999999999953e+000	2.334746e-006
1.432999999999953e+000	2.334850e-006
1.433999999999953e+000	2.334953e-006
1.434999999999953e+000	2.335057e-006
1.435999999999953e+000	2.335160e-006
1.436999999999953e+000	2.335263e-006
1.437999999999952e+000	2.335365e-006
1.438999999999952e+000	2.335468e-006
1.439999999999952e+000	2.335570e-006
1.440999999999952e+000	2.335672e-006
1.441999999999952e+000	2.335773e-006
1.442999999999952e+000	2.335875e-006
1.443999999999952e+000	2.335976e-006
1.444999999999952e+000	2.336077e-006
1.445999999999952e+000	2.336178e-006
1.446999999999951e+000	2.336278e-006
1.447999999999951e+000	2.336379e-006
1.448999999999951e+000	2.336479e-006
1.449999999999951e+000	2.336579e-006
1.450999999999951e+000	2.336679e-006
1.451999999999951e+000	2.336778e-006
1.452999999999951e+000	2.336877e-006
1.453999999999951e+000	2.336976e-006
1.454999999999951e+000	2.337075e-006
1.455999999999950e+000	2.337174e-006
1.456999999999950e+000	2.337272e-006
1.457999999999950e+000	2.337370e-006
1.458999999999950e+000	2.337468e-006
1.459999999999950e+000	2.337566e-006
1.460999999999950e+000	2.337663e-006
1.461999999999950e+000	2.337761e-006
1.462999999999950e+000	2.337858e-006
1.463999999999950e+000	2.337955e-006
1.464999999999950e+000	2.338051e-006
1.465999999999949e+000	2.338148e-006
1.466999999999949e+000	2.338244e-006
1.467999999999949e+000	2.338340e-006
1.468999999999949e+000	2.338436e-006
1.469999999999949e+000	2.338532e-006
1.470999999999949e+000	2.338627e-006
1.471999999999949e+000	2.338722e-006
1.472999999999949e+000	2.338817e-006
1.473999999999949e+000	2.338912e-006
1.474999999999948e+000	2.339007e-006
1.475999999999948e+000	2.339101e-006
1.476999999999948e+000	2.339195e-006
1.477999999999948e+000	2.339289e-006
1.478999999999948e+000	2.339383e-006
1.479999999999948e+000	2.339477e-006
1.480999999999948e+000	2.339570e-006
1.481999999999948e+000	2.339664e-006
1.482999999999948e+000	2.339757e-006
1.483999999999947e+000	2.339849e-006
1.484999999999947e+000	2.339942e-006
1.485999999999947e+000	2.340034e-006
1.486999999999947e+000	2.340126e-006
1.487999999999947e+000	2.340219e-006
1.488999999999947e+000	2.340310e-006
1.489999999999947e+000	2.340402e-006
1.490999999999947e+000	2.340493e-006
1.491999999999947e+000	2.340585e-006
1.492999999999946e+000	2.340676e-006
1.493999999999946e+000	2.340767e-006
1.494999999999946e+000	2.340857e-006
1.495999999999946e+000	2.340948e-006
1.496999999999946e+000	2.341038e-006
1.497999999999946e+000	2.341128e-006
1.498999999999946e+000	2.341218e-006
1.499999999999946e+000	2.341307e-006
1.500999999999946e+000	2.341397e-006
1.501999999999945e+000	2.341486e-006
1.502999999999945e+000	2.341576e-006
1.503999999999945e+000	2.341664e-006
1.504999999999945e+000	2.341753e-006
1.505999999999945e+000	2.341842e-006
1.506999999999945e+000	2.341930e-006
1.507999999999945e+000	2.342018e-006
1.508999999999945e+000	2.342106e-006
1.509999999999945e+000	2.342194e-006
1.510999999999944e+000	2.342282e-006
1.511999999999944e+000	2.342369e-006
1.512999999999944e+000	2.342456e-006
1.513999999999944e+000	2.342543e-006
1.514999999999944e+000	2.342631e-006
1.515999999999944e+000	2.342717e-006
1.516999999999944e+000	2.342804e-006
1.517999999999944e+000	2.342890e-006
1.518999999999944e+000	2.342976e-006
1.519999999999943e+000	2.343062e-006
1.520999999999943e+000	2.343148e-006
1.521999999999943e+000	2.343234e-006
1.522999999999943e+000	2.343319e-006
1.523999999999943e+000	2.343405e-006
1.524999999999943e+000	2.343490e-006
1.525999999999943e+000	2.343575e-006
1.526999999999943e+000	2.343659e-006
1.527999999999943e+000	2.343744e-006
1.528999999999942e+000	2.343828e-006
1.529999999999942e+000	2.343912e-006
1.530999999999942e+000	2.343997e-006
1.531999999999942e+000	2.344080e-006
1.532999999999942e+000	2.344164e-006
1.533999999999942e+000	2.344248e-006
1.534999999999942e+000	2.344331e-006
1.535999999999942e+000	2.344414e-006
1.536999999999942e+000	2.344497e-006
1.537999999999941e+000	2.344580e-006
1.538999999999941e+000	2.344663e-006
1.539999999999941e+000	2.344745e-006
1.540999999999941e+000	2.344828e-006
1.541999999999941e+000	2.344910e-006
1.542999999999941e+000	2.344992e-006
1.543999999999941e+000	2.345074e-006
1.544999999999941e+000	2.345155e-006
1.545999999999941e+000	2.345237e-006
1.546999999999940e+000	2.345318e-006
1.547999999999940e+000	2.345399e-006
1.548999999999940e+000	2.345480e-006
1.549999999999940e+000	2.345561e-006
1.550999999999940e+000	2.345642e-006
1.551999999999940e+000	2.345722e-006
1.552999999999940e+000	2.345803e-006
1.553999999999940e+000	2.345883e-006
1.554999999999940e+000	2.345963e-006
1.555999999999939e+000	2.346043e-006
1.556999999999939e+000	2.346122e-006
1.557999999999939e+000	2.346202e-006
1.558999999999939e+000	2.346281e-006
1.559999999999939e+000	2.346361e-006
1.560999999999939e+000	2.346439e-006
1.561999999999939e+000	2.346518e-006
1.562999999999939e+000	2.346597e-006
1.563999999999939e+000	2.346676e-006
1.564999999999938e+000	2.346754e-006
1.565999999999938e+000	2.346832e-006
1.566999999999938e+000	2.346910e-006
1.567999999999938e+000	2.346988e-006
1.568999999999938e+000	2.347066e-006
1.569999999999938e+000	2.347144e-006
1.570999999999938e+000	2.347221e-006
1.571999999999938e+000	2.347299e-006
1.572999999999938e+000	2.347376e-006
1.573999999999937e+000	2.347453e-006
1.574999999999937e+000	2.347530e-006
1.575999999999937e+000	2.347606e-006
1.576999999999937e+000	2.347683e-006
1.577999999999937e+000	2.347759e-006
1.578999999999937e+000	2.347835e-006
1.579999999999937e+000	2.347912e-006
1.580999999999937e+000	2.347987e-006
1.581999999999937e+000	2.348063e-006
1.582999999999937e+000	2.348139e-006
1.583999999999936e+000	2.348214e-006
1.584999999999936e+000	2.348289e-006
1.585999999999936e+000	2.348365e-006
1.586999999999936e+000	2.348440e-006
1.587999999999936e+000	2.348514e-006
1.588999999999936e+000	2.348589e-006
1.589999999999936e+000	2.348664e-006
1.590999999999936e+000	2.348738e-006
1.591999999999936e+000	2.348813e-006
1.592999999999935e+000	2.348887e-006
1.593999999999935e+000	2.348961e-006
1.594999999999935e+000	2.349035e-006
1.595999999999935e+000	2.349108e-006
1.596999999999935e+000	2.349182e-006
1.597999999999935e+000	2.349255e-006
1.598999999999935e+000	2.349328e-006
1.599999999999935e+000	2.349401e-006
1.600999999999935e+000	2.349474e-006
1.601999999999934e+000	2.349547e-006
1.602999999999934e+000	2.349620e-006
1.603999999999934e+000	2.349692e-006
1.604999999999934e+000	2.349765e-006
1.605999999999934e+000	2.349837e-006
1.606999999999934e+000	2.349909e-006
1.607999999999934e+000	2.349981e-006
1.608999999999934e+000	2.350053e-006
1.609999999999934e+000	2.350125e-006
1.610999999999933e+000	2.350196e-006
1.611999999999933e+000	2.350267e-006
1.612999999999933e+000	2.350339e-006
1.613999999999933e+000	2.350410e-006
1.614999999999933e+000	2.350481e-006
1.615999999999933e+000	2.350552e-006
1.616999999999933e+000	2.350622e-006
1.617999999999933e+000	2.350693e-006
1.618999999999933e+000	2.350763e-006
1.619999999999932e+000	2.350833e-006
1.620999999999932e+000	2.350904e-006
1.621999999999932e+000	2.350974e-006
1.622999999999932e+000	2.351044e-006
1.623999999999932e+000	2.351113e-006
1.624999999999932e+000	2.351183e-006
1.625999999999932e+000	2.351252e-006
1.626999999999932e+000	2.351322e-006
1.627999999999932e+000	2.351391e-006
1.628999999999931e+000	2.351460e-006
1.629999999999931e+000	2.351529e-006
1.630999999999931e+000	2.351598e-006
1.631999999999931e+000	2.351666e-006
1.632999999999931e+000	2.351735e-006
1.633999999999931e+000	2.351803e-006
1.634999999999931e+000	2.351871e-006
1.635999999999931e+000	2.351939e-006
1.636999999999931e+000	2.352007e-006
1.637999999999930e+000	2.352075e-006
1.638999999999930e+000	2.352143e-006
1.639999999999930e+000	2.352211e-006
1.640999999999930e+000	2.352278e-006
1.641999999999930e+000	2.352346e-006
1.642999999999930e+000	2.352413e-006
1.643999999999930e+000	2.352480e-006
1.644999999999930e+000	2.352547e-006
1.645999999999930e+000	2.352614e-006
1.646999999999929e+000	2.352680e-006
1.647999999999929e+000	2.352747e-006
1.648999999999929e+000	2.352813e-006
1.649999999999929e+000	2.352880e-006
1.650999999999929e+000	2.352946e-006
1.651999999999929e+000	2.353012e-006
1.652999999999929e+000	2.353078e-006
1.653999999999929e+000	2.353143e-006
1.654999999999929e+000	2.353209e-006
1.655999999999928e+000	2.353275e-006
1.656999999999928e+000	2.353340e-006
1.657999999999928e+000	2.353405e-006
1.658999999999928e+000	2.353471e-006
1.659999999999928e+000	2.353536e-006
1.660999999999928e+000	2.353601e-006
1.661999999999928e+000	2.353665e-006
1.662999999999928e+000	2.353730e-006
1.663999999999928e+000	2.353795e-006
1.664999999999927e+000	2.353859e-006
1.665999999999927e+000	2.353923e-006
1.666999999999927e+000	2.353987e-006
1.667999999999927e+000	2.354052e-006
1.668999999999927e+000	2.354115e-006
1.669999999999927e+000	2.354179e-006
1.670999999999927e+000	2.354243e-006
1.671999999999927e+000	2.354307e-006
1.672999999999927e+000	2.354370e-006
1.673999999999926e+000	2.354433e-006
1.674999999999926e+000	2.354496e-006
1.675999999999926e+000	2.354560e-006
1.676999999999926e+000	2.354623e-006
1.677999999999926e+000	2.354685e-006
1.678999999999926e+000	2.354748e-006
1.679999999999926e+000	2.354811e-006
1.680999999999926e+000	2.354873e-006
1.681999999999926e+000	2.354936e-006
1.682999999999925e+000	2.354998e-006
1.683999999999925e+000	2.355060e-006
1.684999999999925e+000	2.355122e-006
1.685999999999925e+000	2.355184e-006
1.686999999999925e+000	2.355246e-006
1.687999999999925e+000	2.355308e-006
1.688999999999925e+000	2.355369e-006
1.689999999999925e+000	2.355431e-006
1.690999999999925e+000	2.355492e-006
1.691999999999925e+000	2.355553e-006
1.692999999999924e+000	2.355614e-006
1.693999999999924e+000	2.355675e-006
1.694999999999924e+000	2.355736e-006
1.695999999999924e+000	2.355797e-006
1.696999999999924e+000	2.355858e-006
1.697999999999924e+000	2.355918e-006
1.698999999999924e+000	2.355978e-006
1.699999999999924e+000	2.356039e-006
1.700999999999924e+000	2.356099e-006
1.701999999999923e+000	2.356159e-006
1.702999999999923e+000	2.356219e-006
1.703999999999923e+000	2.356279e-006
1.704999999999923e+000	2.356338e-006
1.705999999999923e+000	2.356398e-006
1.706999999999923e+000	2.356458e-006
1.707999999999923e+000	2.356517e-006
1.708999999999923e+000	2.356576e-006
1.709999999999923e+000	2.356636e-006
1.710999999999922e+000	2.356695e-006
1.711999999999922e+000	2.356754e-006
1.712999999999922e+000	2.356813e-006
1.713999999999922e+000	2.356871e-006
1.714999999999922e+000	2.356930e-006
1.715999999999922e+000	2.356988e-006
1.716999999999922e+000	2.357047e-006
1.717999999999922e+000	2.357105e-006
1.718999999999922e+000	2.357163e-006
1.719999999999921e+000	2.357221e-006
1.720999999999921e+000	2.357279e-006
1.721999999999921e+000	2.357337e-006
1.722999999999921e+000	2.357395e-006
1.723999999999921e+000	2.357453e-006
1.724999999999921e+000	2.357510e-006
1.725999999999921e+000	2.357568e-006
1.726999999999921e+000	2.357625e-006
1.727999999999921e+000	2.357682e-006
1.728999999999920e+000	2.357740e-006
1.729999999999920e+000	2.357797e-006
1.730999999999920e+000	2.357853e-006
1.731999999999920e+000	2.357910e-006
1.732999999999920e+000	2.357967e-006
1.733999999999920e+000	2.358023e-006
1.734999999999920e+000	2.358080e-006
1.735999999999920e+000	2.358136e-006
1.736999999999920e+000	2.358193e-006
1.737999999999919e+000	2.358249e-006
1.738999999999919e+000	2.358305e-006
1.739999999999919e+000	2.358361e-006
1.740999999999919e+000	2.358417e-006
1.741999999999919e+000	2.358473e-006
1.742999999999919e+000	2.358528e-006
1.743999999999919e+000	2.358584e-006
1.744999999999919e+000	2.358639e-006
1.745999999999919e+000	2.358695e-006
1.746999999999918e+000	2.358750e-006
1.747999999999918e+000	2.358805e-006
1.748999999999918e+000	2.358860e-006
1.749999999999918e+000	2.358915e-006
1.750999999999918e+000	2.358970e-006
1.751999999999918e+000	2.359025e-006
1.752999999999918e+000	2.359080e-006
1.753999999999918e+000	2.359134e-006
1.754999999999918e+000	2.359189e-006
1.755999999999917e+000	2.359243e-006
1.756999999999917e+000	2.359297e-006
1.757999999999917e+000	2.359352e-006
1.758999999999917e+000	2.359406e-006
1.759999999999917e+000	2.359460e-006
1.760999999999917e+000	2.359513e-006
1.761999999999917e+000	2.359567e-006
1.762999999999917e+000	2.359621e-006
1.763999999999917e+000	2.359675e-006
1.764999999999916e+000	2.359728e-006
1.765999999999916e+000	2.359782e-006
1.766999999999916e+000	2.359835e-006
1.767999999999916e+000	2.359888e-006
1.768999999999916e+000	2.359941e-006
1.769999999999916e+000	2.359994e-006
1.770999999999916e+000	2.360047e-006
1.771999999999916e+000	2.360100e-006
1.772999999999916e+000	2.360153e-006
1.773999999999915e+000	2.360205e-006
1.774999999999915e+000	2.360258e-006
1.775999999999915e+000	2.360310e-006
1.776999999999915e+000	2.360362e-006
1.777999999999915e+000	2.360415e-006
1.778999999999915e+000	2.360467e-006
1.779999999999915e+000	2.360519e-006
1.780999999999915e+000	2.360571e-006
1.781999999999915e+000	2.360623e-006
1.782999999999914e+000	2.360675e-006
1.783999999999914e+000	2.360726e-006
1.784999999999914e+000	2.360778e-006
1.785999999999914e+000	2.360830e-006
1.786999999999914e+000	2.360881e-006
1.787999999999914e+000	2.360932e-006
1.788999999999914e+000	2.360983e-006
1.789999999999914e+000	2.361035e-006
1.790999999999914e+000	2.361086e-006
1.791999999999913e+000	2.361136e-006
1.792999999999913e+000	2.361187e-006
1.793999999999913e+000	2.361238e-006
1.794999999999913e+000	2.361289e-006
1.795999999999913e+000	2.361340e-006
1.796999999999913e+000	2.361390e-006
1.797999999999913e+000	2.361440e-006
1.798999999999913e+000	2.361491e-006
1.800000000000000e+000	2.361541e-006
