0.000000000000000e+000	8.342641e-013
1.000000000000000e-003	8.562650e-013
2.000000000000000e-003	8.788551e-013
3.000000000000000e-003	9.020504e-013
4.000000000000000e-003	9.258670e-013
5.000000000000000e-003	9.503215e-013
6.000000000000000e-003	9.754311e-013
7.000000000000000e-003	1.001213e-012
8.000000000000000e-003	1.027686e-012
9.000000000000001e-003	1.054868e-012
1.000000000000000e-002	1.082777e-012
1.100000000000000e-002	1.111435e-012
1.200000000000000e-002	1.140860e-012
1.300000000000001e-002	1.171073e-012
1.400000000000001e-002	1.202095e-012
1.500000000000001e-002	1.233948e-012
1.600000000000001e-002	1.266654e-012
1.700000000000001e-002	1.300236e-012
1.800000000000001e-002	1.334717e-012
1.900000000000001e-002	1.370122e-012
2.000000000000001e-002	1.406474e-012
2.100000000000001e-002	1.443801e-012
2.200000000000001e-002	1.482127e-012
2.300000000000001e-002	1.521479e-012
2.400000000000001e-002	1.561885e-012
2.500000000000002e-002	1.603373e-012
2.600000000000002e-002	1.645972e-012
2.700000000000002e-002	1.689712e-012
2.800000000000002e-002	1.734622e-012
2.900000000000002e-002	1.780736e-012
3.000000000000002e-002	1.828084e-012
3.100000000000002e-002	1.876700e-012
3.200000000000002e-002	1.926617e-012
3.300000000000002e-002	1.977871e-012
3.400000000000002e-002	2.030497e-012
3.500000000000002e-002	2.084532e-012
3.600000000000003e-002	2.140014e-012
3.700000000000003e-002	2.196981e-012
3.800000000000003e-002	2.255473e-012
3.900000000000003e-002	2.315531e-012
4.000000000000003e-002	2.377197e-012
4.100000000000003e-002	2.440513e-012
4.200000000000003e-002	2.505525e-012
4.300000000000003e-002	2.572276e-012
4.400000000000003e-002	2.640815e-012
4.500000000000003e-002	2.711188e-012
4.600000000000003e-002	2.783445e-012
4.700000000000004e-002	2.857636e-012
4.800000000000004e-002	2.933812e-012
4.900000000000004e-002	3.012027e-012
5.000000000000004e-002	3.092336e-012
5.100000000000004e-002	3.174794e-012
5.200000000000004e-002	3.259459e-012
5.300000000000004e-002	3.346389e-012
5.400000000000004e-002	3.435646e-012
5.500000000000004e-002	3.527292e-012
5.600000000000004e-002	3.621390e-012
5.700000000000004e-002	3.718006e-012
5.800000000000005e-002	3.817207e-012
5.900000000000005e-002	3.919063e-012
6.000000000000005e-002	4.023644e-012
6.100000000000005e-002	4.131023e-012
6.200000000000005e-002	4.241275e-012
6.300000000000004e-002	4.354478e-012
6.400000000000004e-002	4.470708e-012
6.500000000000004e-002	4.590048e-012
6.600000000000005e-002	4.712581e-012
6.700000000000005e-002	4.838392e-012
6.800000000000005e-002	4.967569e-012
6.900000000000005e-002	5.100201e-012
7.000000000000005e-002	5.236380e-012
7.100000000000005e-002	5.376203e-012
7.200000000000005e-002	5.519765e-012
7.300000000000005e-002	5.667167e-012
7.400000000000005e-002	5.818512e-012
7.500000000000005e-002	5.973904e-012
7.600000000000005e-002	6.133452e-012
7.700000000000006e-002	6.297267e-012
7.800000000000006e-002	6.465462e-012
7.900000000000006e-002	6.638156e-012
8.000000000000006e-002	6.815467e-012
8.100000000000006e-002	6.997519e-012
8.200000000000006e-002	7.184440e-012
8.300000000000006e-002	7.376357e-012
8.400000000000006e-002	7.573406e-012
8.500000000000006e-002	7.775724e-012
8.600000000000006e-002	7.983450e-012
8.700000000000006e-002	8.196730e-012
8.800000000000006e-002	8.415711e-012
8.900000000000007e-002	8.640545e-012
9.000000000000007e-002	8.871389e-012
9.100000000000007e-002	9.108404e-012
9.200000000000007e-002	9.351754e-012
9.300000000000007e-002	9.601607e-012
9.400000000000007e-002	9.858138e-012
9.500000000000007e-002	1.012152e-011
9.600000000000007e-002	1.039195e-011
9.700000000000007e-002	1.066960e-011
9.800000000000007e-002	1.095467e-011
9.900000000000007e-002	1.124736e-011
1.000000000000001e-001	1.154787e-011
1.010000000000001e-001	1.185640e-011
1.020000000000001e-001	1.217318e-011
1.030000000000001e-001	1.249843e-011
1.040000000000001e-001	1.283236e-011
1.050000000000001e-001	1.317521e-011
1.060000000000001e-001	1.352721e-011
1.070000000000001e-001	1.388862e-011
1.080000000000001e-001	1.425969e-011
1.090000000000001e-001	1.464066e-011
1.100000000000001e-001	1.503181e-011
1.110000000000001e-001	1.543340e-011
1.120000000000001e-001	1.584571e-011
1.130000000000001e-001	1.626904e-011
1.140000000000001e-001	1.670366e-011
1.150000000000001e-001	1.714989e-011
1.160000000000001e-001	1.760804e-011
1.170000000000001e-001	1.807841e-011
1.180000000000001e-001	1.856134e-011
1.190000000000001e-001	1.905716e-011
1.200000000000001e-001	1.956621e-011
1.210000000000001e-001	2.008885e-011
1.220000000000001e-001	2.062544e-011
1.230000000000001e-001	2.117634e-011
1.240000000000001e-001	2.174195e-011
1.250000000000001e-001	2.232265e-011
1.260000000000001e-001	2.291884e-011
1.270000000000001e-001	2.353093e-011
1.280000000000001e-001	2.415936e-011
1.290000000000001e-001	2.480454e-011
1.300000000000001e-001	2.546694e-011
1.310000000000001e-001	2.614700e-011
1.320000000000001e-001	2.684520e-011
1.330000000000001e-001	2.756202e-011
1.340000000000001e-001	2.829795e-011
1.350000000000001e-001	2.905351e-011
1.360000000000001e-001	2.982921e-011
1.370000000000001e-001	3.062559e-011
1.380000000000001e-001	3.144320e-011
1.390000000000001e-001	3.228260e-011
1.400000000000001e-001	3.314438e-011
1.410000000000001e-001	3.402912e-011
1.420000000000001e-001	3.493744e-011
1.430000000000001e-001	3.586997e-011
1.440000000000001e-001	3.682734e-011
1.450000000000001e-001	3.781022e-011
1.460000000000001e-001	3.881928e-011
1.470000000000001e-001	3.985523e-011
1.480000000000001e-001	4.091876e-011
1.490000000000001e-001	4.201062e-011
1.500000000000001e-001	4.313156e-011
1.510000000000001e-001	4.428236e-011
1.520000000000001e-001	4.546379e-011
1.530000000000001e-001	4.667667e-011
1.540000000000001e-001	4.792184e-011
1.550000000000001e-001	4.920016e-011
1.560000000000001e-001	5.051250e-011
1.570000000000001e-001	5.185977e-011
1.580000000000001e-001	5.324289e-011
1.590000000000001e-001	5.466282e-011
1.600000000000001e-001	5.612052e-011
1.610000000000001e-001	5.761700e-011
1.620000000000001e-001	5.915329e-011
1.630000000000001e-001	6.073044e-011
1.640000000000001e-001	6.234954e-011
1.650000000000001e-001	6.401168e-011
1.660000000000001e-001	6.571803e-011
1.670000000000001e-001	6.746974e-011
1.680000000000001e-001	6.926801e-011
1.690000000000001e-001	7.111409e-011
1.700000000000001e-001	7.300922e-011
1.710000000000001e-001	7.495472e-011
1.720000000000001e-001	7.695191e-011
1.730000000000001e-001	7.900216e-011
1.740000000000001e-001	8.110688e-011
1.750000000000001e-001	8.326750e-011
1.760000000000001e-001	8.548549e-011
1.770000000000001e-001	8.776239e-011
1.780000000000001e-001	9.009975e-011
1.790000000000001e-001	9.249915e-011
1.800000000000001e-001	9.496225e-011
1.810000000000001e-001	9.749072e-011
1.820000000000001e-001	1.000863e-010
1.830000000000001e-001	1.027507e-010
1.840000000000001e-001	1.054858e-010
1.850000000000001e-001	1.082935e-010
1.860000000000001e-001	1.111757e-010
1.870000000000001e-001	1.141342e-010
1.880000000000001e-001	1.171713e-010
1.890000000000001e-001	1.202888e-010
1.900000000000001e-001	1.234890e-010
1.910000000000001e-001	1.267740e-010
1.920000000000001e-001	1.301460e-010
1.930000000000001e-001	1.336074e-010
1.940000000000001e-001	1.371604e-010
1.950000000000002e-001	1.408076e-010
1.960000000000002e-001	1.445514e-010
1.970000000000002e-001	1.483943e-010
1.980000000000002e-001	1.523389e-010
1.990000000000002e-001	1.563880e-010
2.000000000000002e-001	1.605442e-010
2.010000000000002e-001	1.648104e-010
2.020000000000002e-001	1.691894e-010
2.030000000000002e-001	1.736843e-010
2.040000000000002e-001	1.782980e-010
2.050000000000002e-001	1.830338e-010
2.060000000000002e-001	1.878947e-010
2.070000000000002e-001	1.928842e-010
2.080000000000002e-001	1.980054e-010
2.090000000000002e-001	2.032620e-010
2.100000000000002e-001	2.086575e-010
2.110000000000002e-001	2.141955e-010
2.120000000000002e-001	2.198797e-010
2.130000000000002e-001	2.257140e-010
2.140000000000002e-001	2.317023e-010
2.150000000000002e-001	2.378486e-010
2.160000000000002e-001	2.441571e-010
2.170000000000002e-001	2.506320e-010
2.180000000000002e-001	2.572777e-010
2.190000000000002e-001	2.640987e-010
2.200000000000002e-001	2.710994e-010
2.210000000000002e-001	2.782847e-010
2.220000000000002e-001	2.856593e-010
2.230000000000002e-001	2.932282e-010
2.240000000000002e-001	3.009964e-010
2.250000000000002e-001	3.089693e-010
2.260000000000002e-001	3.171520e-010
2.270000000000002e-001	3.255501e-010
2.280000000000002e-001	3.341692e-010
2.290000000000002e-001	3.430150e-010
2.300000000000002e-001	3.520935e-010
2.310000000000002e-001	3.614108e-010
2.320000000000002e-001	3.709729e-010
2.330000000000002e-001	3.807864e-010
2.340000000000002e-001	3.908577e-010
2.350000000000002e-001	4.011936e-010
2.360000000000002e-001	4.118009e-010
2.370000000000002e-001	4.226867e-010
2.380000000000002e-001	4.338582e-010
2.390000000000002e-001	4.453229e-010
2.400000000000002e-001	4.570883e-010
2.410000000000002e-001	4.691623e-010
2.420000000000002e-001	4.815527e-010
2.430000000000002e-001	4.942680e-010
2.440000000000002e-001	5.073164e-010
2.450000000000002e-001	5.207066e-010
2.460000000000002e-001	5.344475e-010
2.470000000000002e-001	5.485480e-010
2.480000000000002e-001	5.630177e-010
2.490000000000002e-001	5.778658e-010
2.500000000000002e-001	5.931023e-010
2.510000000000002e-001	6.087372e-010
2.520000000000002e-001	6.247807e-010
2.530000000000002e-001	6.412434e-010
2.540000000000002e-001	6.581362e-010
2.550000000000002e-001	6.754700e-010
2.560000000000002e-001	6.932563e-010
2.570000000000002e-001	7.115067e-010
2.580000000000002e-001	7.302332e-010
2.590000000000002e-001	7.494479e-010
2.600000000000002e-001	7.691635e-010
2.610000000000002e-001	7.893929e-010
2.620000000000002e-001	8.101491e-010
2.630000000000002e-001	8.314458e-010
2.640000000000002e-001	8.532968e-010
2.650000000000002e-001	8.757163e-010
2.660000000000002e-001	8.987189e-010
2.670000000000002e-001	9.223195e-010
2.680000000000002e-001	9.465334e-010
2.690000000000002e-001	9.713764e-010
2.700000000000002e-001	9.968645e-010
2.710000000000002e-001	1.023014e-009
2.720000000000002e-001	1.049842e-009
2.730000000000002e-001	1.077366e-009
2.740000000000002e-001	1.105603e-009
2.750000000000002e-001	1.134573e-009
2.760000000000002e-001	1.164292e-009
2.770000000000002e-001	1.194781e-009
2.780000000000002e-001	1.226059e-009
2.790000000000002e-001	1.258146e-009
2.800000000000002e-001	1.291062e-009
2.810000000000002e-001	1.324830e-009
2.820000000000002e-001	1.359469e-009
2.830000000000002e-001	1.395003e-009
2.840000000000002e-001	1.431454e-009
2.850000000000002e-001	1.468845e-009
2.860000000000002e-001	1.507201e-009
2.870000000000002e-001	1.546544e-009
2.880000000000002e-001	1.586901e-009
2.890000000000002e-001	1.628297e-009
2.900000000000002e-001	1.670758e-009
2.910000000000002e-001	1.714311e-009
2.920000000000002e-001	1.758984e-009
2.930000000000002e-001	1.804804e-009
2.940000000000002e-001	1.851801e-009
2.950000000000002e-001	1.900004e-009
2.960000000000002e-001	1.949443e-009
2.970000000000002e-001	2.000150e-009
2.980000000000002e-001	2.052155e-009
2.990000000000002e-001	2.105492e-009
3.000000000000002e-001	2.160195e-009
3.010000000000002e-001	2.216296e-009
3.020000000000002e-001	2.273831e-009
3.030000000000002e-001	2.332837e-009
3.040000000000002e-001	2.393348e-009
3.050000000000002e-001	2.455404e-009
3.060000000000002e-001	2.519042e-009
3.070000000000002e-001	2.584301e-009
3.080000000000002e-001	2.651223e-009
3.090000000000002e-001	2.719848e-009
3.100000000000002e-001	2.790219e-009
3.110000000000002e-001	2.862378e-009
3.120000000000002e-001	2.936371e-009
3.130000000000002e-001	3.012241e-009
3.140000000000002e-001	3.090037e-009
3.150000000000002e-001	3.169804e-009
3.160000000000002e-001	3.251593e-009
3.170000000000002e-001	3.335452e-009
3.180000000000002e-001	3.421433e-009
3.190000000000002e-001	3.509587e-009
3.200000000000002e-001	3.599968e-009
3.210000000000002e-001	3.692631e-009
3.220000000000002e-001	3.787632e-009
3.230000000000002e-001	3.885027e-009
3.240000000000002e-001	3.984875e-009
3.250000000000002e-001	4.087236e-009
3.260000000000002e-001	4.192172e-009
3.270000000000002e-001	4.299745e-009
3.280000000000002e-001	4.410019e-009
3.290000000000002e-001	4.523060e-009
3.300000000000002e-001	4.638935e-009
3.310000000000002e-001	4.757712e-009
3.320000000000002e-001	4.879463e-009
3.330000000000002e-001	5.004259e-009
3.340000000000002e-001	5.132173e-009
3.350000000000002e-001	5.263281e-009
3.360000000000002e-001	5.397660e-009
3.370000000000002e-001	5.535388e-009
3.380000000000002e-001	5.676545e-009
3.390000000000003e-001	5.821216e-009
3.400000000000003e-001	5.969482e-009
3.410000000000003e-001	6.121431e-009
3.420000000000003e-001	6.277151e-009
3.430000000000003e-001	6.436731e-009
3.440000000000003e-001	6.600263e-009
3.450000000000003e-001	6.767843e-009
3.460000000000003e-001	6.939565e-009
3.470000000000003e-001	7.115529e-009
3.480000000000003e-001	7.295835e-009
3.490000000000003e-001	7.480585e-009
3.500000000000003e-001	7.669885e-009
3.510000000000003e-001	7.863842e-009
3.520000000000003e-001	8.062566e-009
3.530000000000003e-001	8.266169e-009
3.540000000000003e-001	8.474766e-009
3.550000000000003e-001	8.688474e-009
3.560000000000003e-001	8.907413e-009
3.570000000000003e-001	9.131704e-009
3.580000000000003e-001	9.361474e-009
3.590000000000003e-001	9.596850e-009
3.600000000000003e-001	9.837962e-009
3.610000000000003e-001	1.008494e-008
3.620000000000003e-001	1.033793e-008
3.630000000000003e-001	1.059707e-008
3.640000000000003e-001	1.086249e-008
3.650000000000003e-001	1.113434e-008
3.660000000000003e-001	1.141277e-008
3.670000000000003e-001	1.169794e-008
3.680000000000003e-001	1.198999e-008
3.690000000000003e-001	1.228909e-008
3.700000000000003e-001	1.259539e-008
3.710000000000003e-001	1.290907e-008
3.720000000000003e-001	1.323028e-008
3.730000000000003e-001	1.355920e-008
3.740000000000003e-001	1.389601e-008
3.750000000000003e-001	1.424089e-008
3.760000000000003e-001	1.459401e-008
3.770000000000003e-001	1.495556e-008
3.780000000000003e-001	1.532574e-008
3.790000000000003e-001	1.570474e-008
3.800000000000003e-001	1.609275e-008
3.810000000000003e-001	1.648999e-008
3.820000000000003e-001	1.689664e-008
3.830000000000003e-001	1.731293e-008
3.840000000000003e-001	1.773908e-008
3.850000000000003e-001	1.817529e-008
3.860000000000003e-001	1.862179e-008
3.870000000000003e-001	1.907881e-008
3.880000000000003e-001	1.954659e-008
3.890000000000003e-001	2.002536e-008
3.900000000000003e-001	2.051536e-008
3.910000000000003e-001	2.101684e-008
3.920000000000003e-001	2.153006e-008
3.930000000000003e-001	2.205525e-008
3.940000000000003e-001	2.259270e-008
3.950000000000003e-001	2.314266e-008
3.960000000000003e-001	2.370542e-008
3.970000000000003e-001	2.428123e-008
3.980000000000003e-001	2.487040e-008
3.990000000000003e-001	2.547319e-008
4.000000000000003e-001	2.608992e-008
4.010000000000003e-001	2.672087e-008
4.020000000000003e-001	2.736636e-008
4.030000000000003e-001	2.802669e-008
4.040000000000003e-001	2.870218e-008
4.050000000000003e-001	2.939315e-008
4.060000000000003e-001	3.009992e-008
4.070000000000003e-001	3.082285e-008
4.080000000000003e-001	3.156225e-008
4.090000000000003e-001	3.231849e-008
4.100000000000003e-001	3.309191e-008
4.110000000000003e-001	3.388288e-008
4.120000000000003e-001	3.469176e-008
4.130000000000003e-001	3.551892e-008
4.140000000000003e-001	3.636474e-008
4.150000000000003e-001	3.722961e-008
4.160000000000003e-001	3.811392e-008
4.170000000000003e-001	3.901808e-008
4.180000000000003e-001	3.994248e-008
4.190000000000003e-001	4.088755e-008
4.200000000000003e-001	4.185370e-008
4.210000000000003e-001	4.284136e-008
4.220000000000003e-001	4.385098e-008
4.230000000000003e-001	4.488299e-008
4.240000000000003e-001	4.593785e-008
4.250000000000003e-001	4.701601e-008
4.260000000000003e-001	4.811794e-008
4.270000000000003e-001	4.924412e-008
4.280000000000003e-001	5.039502e-008
4.290000000000003e-001	5.157114e-008
4.300000000000003e-001	5.277298e-008
4.310000000000003e-001	5.400104e-008
4.320000000000003e-001	5.525584e-008
4.330000000000003e-001	5.653790e-008
4.340000000000003e-001	5.784775e-008
4.350000000000003e-001	5.918593e-008
4.360000000000003e-001	6.055298e-008
4.370000000000003e-001	6.194948e-008
4.380000000000003e-001	6.337598e-008
4.390000000000003e-001	6.483305e-008
4.400000000000003e-001	6.632127e-008
4.410000000000003e-001	6.784125e-008
4.420000000000003e-001	6.939357e-008
4.430000000000003e-001	7.097885e-008
4.440000000000003e-001	7.259770e-008
4.450000000000003e-001	7.425076e-008
4.460000000000003e-001	7.593865e-008
4.470000000000003e-001	7.766203e-008
4.480000000000003e-001	7.942154e-008
4.490000000000003e-001	8.121785e-008
4.500000000000003e-001	8.305163e-008
4.510000000000004e-001	8.492356e-008
4.520000000000004e-001	8.683433e-008
4.530000000000004e-001	8.878465e-008
4.540000000000004e-001	9.077522e-008
4.550000000000004e-001	9.280674e-008
4.560000000000004e-001	9.487997e-008
4.570000000000004e-001	9.699562e-008
4.580000000000004e-001	9.915444e-008
4.590000000000004e-001	1.013572e-007
4.600000000000004e-001	1.036046e-007
4.610000000000004e-001	1.058975e-007
4.620000000000004e-001	1.082367e-007
4.630000000000004e-001	1.106229e-007
4.640000000000004e-001	1.130569e-007
4.650000000000004e-001	1.155395e-007
4.660000000000004e-001	1.180716e-007
4.670000000000004e-001	1.206540e-007
4.680000000000004e-001	1.232875e-007
4.690000000000004e-001	1.259729e-007
4.700000000000004e-001	1.287112e-007
4.710000000000004e-001	1.315031e-007
4.720000000000004e-001	1.343495e-007
4.730000000000004e-001	1.372513e-007
4.740000000000004e-001	1.402094e-007
4.750000000000004e-001	1.432247e-007
4.760000000000004e-001	1.462980e-007
4.770000000000004e-001	1.494303e-007
4.780000000000004e-001	1.526225e-007
4.790000000000004e-001	1.558755e-007
4.800000000000004e-001	1.591902e-007
4.810000000000004e-001	1.625676e-007
4.820000000000004e-001	1.660085e-007
4.830000000000004e-001	1.695140e-007
4.840000000000004e-001	1.730849e-007
4.850000000000004e-001	1.767223e-007
4.860000000000004e-001	1.804271e-007
4.870000000000004e-001	1.842002e-007
4.880000000000004e-001	1.880427e-007
4.890000000000004e-001	1.919554e-007
4.900000000000004e-001	1.959394e-007
4.910000000000004e-001	1.999957e-007
4.920000000000004e-001	2.041253e-007
4.930000000000004e-001	2.083290e-007
4.940000000000004e-001	2.126080e-007
4.950000000000004e-001	2.169632e-007
4.960000000000004e-001	2.213956e-007
4.970000000000004e-001	2.259062e-007
4.980000000000004e-001	2.304961e-007
4.990000000000004e-001	2.351661e-007
5.000000000000003e-001	2.399173e-007
5.010000000000003e-001	2.447507e-007
5.020000000000003e-001	2.496673e-007
5.030000000000003e-001	2.546681e-007
5.040000000000003e-001	2.597540e-007
5.050000000000003e-001	2.649262e-007
5.060000000000003e-001	2.701856e-007
5.070000000000003e-001	2.755330e-007
5.080000000000003e-001	2.809697e-007
5.090000000000003e-001	2.864964e-007
5.100000000000003e-001	2.921143e-007
5.110000000000003e-001	2.978242e-007
5.120000000000003e-001	3.036272e-007
5.130000000000003e-001	3.095242e-007
5.140000000000004e-001	3.155162e-007
5.150000000000004e-001	3.216040e-007
5.160000000000004e-001	3.277887e-007
5.170000000000004e-001	3.340712e-007
5.180000000000004e-001	3.404524e-007
5.190000000000004e-001	3.469332e-007
5.200000000000004e-001	3.535146e-007
5.210000000000004e-001	3.601974e-007
5.220000000000004e-001	3.669824e-007
5.230000000000004e-001	3.738707e-007
5.240000000000004e-001	3.808630e-007
5.250000000000004e-001	3.879603e-007
5.260000000000004e-001	3.951632e-007
5.270000000000004e-001	4.024727e-007
5.280000000000004e-001	4.098896e-007
5.290000000000004e-001	4.174146e-007
5.300000000000004e-001	4.250486e-007
5.310000000000004e-001	4.327923e-007
5.320000000000004e-001	4.406464e-007
5.330000000000004e-001	4.486118e-007
5.340000000000004e-001	4.566890e-007
5.350000000000004e-001	4.648788e-007
5.360000000000004e-001	4.731820e-007
5.370000000000004e-001	4.815990e-007
5.380000000000004e-001	4.901307e-007
5.390000000000004e-001	4.987776e-007
5.400000000000004e-001	5.075403e-007
5.410000000000004e-001	5.164194e-007
5.420000000000004e-001	5.254155e-007
5.430000000000004e-001	5.345291e-007
5.440000000000004e-001	5.437607e-007
5.450000000000004e-001	5.531109e-007
5.460000000000004e-001	5.625800e-007
5.470000000000004e-001	5.721686e-007
5.480000000000004e-001	5.818770e-007
5.490000000000004e-001	5.917058e-007
5.500000000000004e-001	6.016552e-007
5.510000000000004e-001	6.117256e-007
5.520000000000004e-001	6.219174e-007
5.530000000000004e-001	6.322309e-007
5.540000000000004e-001	6.426663e-007
5.550000000000004e-001	6.532239e-007
5.560000000000004e-001	6.639040e-007
5.570000000000004e-001	6.747067e-007
5.580000000000004e-001	6.856322e-007
5.590000000000004e-001	6.966807e-007
5.600000000000004e-001	7.078524e-007
5.610000000000004e-001	7.191472e-007
5.620000000000004e-001	7.305654e-007
5.630000000000004e-001	7.421069e-007
5.640000000000004e-001	7.537718e-007
5.650000000000004e-001	7.655600e-007
5.660000000000004e-001	7.774715e-007
5.670000000000004e-001	7.895064e-007
5.680000000000004e-001	8.016643e-007
5.690000000000004e-001	8.139455e-007
5.700000000000004e-001	8.263494e-007
5.710000000000004e-001	8.388762e-007
5.720000000000004e-001	8.515256e-007
5.730000000000004e-001	8.642973e-007
5.740000000000004e-001	8.771912e-007
5.750000000000004e-001	8.902068e-007
5.760000000000004e-001	9.033440e-007
5.770000000000004e-001	9.166024e-007
5.780000000000004e-001	9.299816e-007
5.790000000000004e-001	9.434814e-007
5.800000000000004e-001	9.571012e-007
5.810000000000004e-001	9.708407e-007
5.820000000000004e-001	9.846993e-007
5.830000000000004e-001	9.986767e-007
5.840000000000004e-001	1.012772e-006
5.850000000000004e-001	1.026986e-006
5.860000000000004e-001	1.041316e-006
5.870000000000004e-001	1.055763e-006
5.880000000000004e-001	1.070326e-006
5.890000000000004e-001	1.085004e-006
5.900000000000004e-001	1.099796e-006
5.910000000000004e-001	1.114703e-006
5.920000000000004e-001	1.129723e-006
5.930000000000004e-001	1.144856e-006
5.940000000000004e-001	1.160100e-006
5.950000000000004e-001	1.175456e-006
5.960000000000004e-001	1.190922e-006
5.970000000000004e-001	1.206497e-006
5.980000000000004e-001	1.222181e-006
5.990000000000004e-001	1.237973e-006
6.000000000000004e-001	1.253872e-006
6.010000000000004e-001	1.269876e-006
6.020000000000004e-001	1.285986e-006
6.030000000000004e-001	1.302201e-006
6.040000000000004e-001	1.318518e-006
6.050000000000004e-001	1.334938e-006
6.060000000000004e-001	1.351460e-006
6.070000000000004e-001	1.368082e-006
6.080000000000004e-001	1.384803e-006
6.090000000000004e-001	1.401623e-006
6.100000000000004e-001	1.418540e-006
6.110000000000004e-001	1.435553e-006
6.120000000000004e-001	1.452662e-006
6.130000000000004e-001	1.469865e-006
6.140000000000004e-001	1.487161e-006
6.150000000000004e-001	1.504549e-006
6.160000000000004e-001	1.522028e-006
6.170000000000004e-001	1.539597e-006
6.180000000000004e-001	1.557255e-006
6.190000000000004e-001	1.575000e-006
6.200000000000004e-001	1.592832e-006
6.210000000000004e-001	1.610748e-006
6.220000000000004e-001	1.628749e-006
6.230000000000004e-001	1.646833e-006
6.240000000000004e-001	1.664999e-006
6.250000000000004e-001	1.683245e-006
6.260000000000004e-001	1.701571e-006
6.270000000000005e-001	1.719974e-006
6.280000000000005e-001	1.738455e-006
6.290000000000005e-001	1.757011e-006
6.300000000000005e-001	1.775642e-006
6.310000000000005e-001	1.794347e-006
6.320000000000005e-001	1.813123e-006
6.330000000000005e-001	1.831971e-006
6.340000000000005e-001	1.850887e-006
6.350000000000005e-001	1.869873e-006
6.360000000000005e-001	1.888926e-006
6.370000000000005e-001	1.908044e-006
6.380000000000005e-001	1.927227e-006
6.390000000000005e-001	1.946474e-006
6.400000000000005e-001	1.965783e-006
6.410000000000005e-001	1.985154e-006
6.420000000000005e-001	2.004584e-006
6.430000000000005e-001	2.024072e-006
6.440000000000005e-001	2.043618e-006
6.450000000000005e-001	2.063220e-006
6.460000000000005e-001	2.082877e-006
6.470000000000005e-001	2.102588e-006
6.480000000000005e-001	2.122351e-006
6.490000000000005e-001	2.142166e-006
6.500000000000005e-001	2.162031e-006
6.510000000000005e-001	2.181944e-006
6.520000000000005e-001	2.201905e-006
6.530000000000005e-001	2.221913e-006
6.540000000000005e-001	2.241966e-006
6.550000000000005e-001	2.262063e-006
6.560000000000005e-001	2.282203e-006
6.570000000000005e-001	2.302384e-006
6.580000000000005e-001	2.322607e-006
6.590000000000005e-001	2.342869e-006
6.600000000000005e-001	2.363169e-006
6.610000000000005e-001	2.383506e-006
6.620000000000005e-001	2.403880e-006
6.630000000000005e-001	2.424288e-006
6.640000000000005e-001	2.444730e-006
6.650000000000005e-001	2.465205e-006
6.660000000000005e-001	2.485711e-006
6.670000000000005e-001	2.506248e-006
6.680000000000005e-001	2.526814e-006
6.690000000000005e-001	2.547409e-006
6.700000000000005e-001	2.568031e-006
6.710000000000005e-001	2.588679e-006
6.720000000000005e-001	2.609353e-006
6.730000000000005e-001	2.630050e-006
6.740000000000005e-001	2.650771e-006
6.750000000000005e-001	2.671514e-006
6.760000000000005e-001	2.692278e-006
6.770000000000005e-001	2.713062e-006
6.780000000000005e-001	2.733866e-006
6.790000000000005e-001	2.754688e-006
6.800000000000005e-001	2.775526e-006
6.810000000000005e-001	2.796382e-006
6.820000000000005e-001	2.817252e-006
6.830000000000005e-001	2.838137e-006
6.840000000000005e-001	2.859036e-006
6.850000000000005e-001	2.879947e-006
6.860000000000005e-001	2.900870e-006
6.870000000000005e-001	2.921804e-006
6.880000000000005e-001	2.942747e-006
6.890000000000005e-001	2.963700e-006
6.900000000000005e-001	2.984662e-006
6.910000000000005e-001	3.005630e-006
6.920000000000005e-001	3.026606e-006
6.930000000000005e-001	3.047587e-006
6.940000000000005e-001	3.068574e-006
6.950000000000005e-001	3.089564e-006
6.960000000000005e-001	3.110558e-006
6.970000000000005e-001	3.131555e-006
6.980000000000005e-001	3.152554e-006
6.990000000000005e-001	3.173554e-006
7.000000000000005e-001	3.194555e-006
7.010000000000005e-001	3.215555e-006
7.020000000000005e-001	3.236555e-006
7.030000000000005e-001	3.257553e-006
7.040000000000005e-001	3.278549e-006
7.050000000000005e-001	3.299542e-006
7.060000000000005e-001	3.320531e-006
7.070000000000005e-001	3.341517e-006
7.080000000000005e-001	3.362497e-006
7.090000000000005e-001	3.383472e-006
7.100000000000005e-001	3.404441e-006
7.110000000000005e-001	3.425403e-006
7.120000000000005e-001	3.446358e-006
7.130000000000005e-001	3.467305e-006
7.140000000000005e-001	3.488244e-006
7.150000000000005e-001	3.509173e-006
7.160000000000005e-001	3.530094e-006
7.170000000000005e-001	3.551004e-006
7.180000000000005e-001	3.571904e-006
7.190000000000005e-001	3.592793e-006
7.200000000000005e-001	3.613670e-006
7.210000000000005e-001	3.634536e-006
7.220000000000005e-001	3.655389e-006
7.230000000000005e-001	3.676228e-006
7.240000000000005e-001	3.697055e-006
7.250000000000005e-001	3.717867e-006
7.260000000000005e-001	3.738666e-006
7.270000000000005e-001	3.759449e-006
7.280000000000005e-001	3.780218e-006
7.290000000000005e-001	3.800971e-006
7.300000000000005e-001	3.821708e-006
7.310000000000005e-001	3.842428e-006
7.320000000000005e-001	3.863132e-006
7.330000000000005e-001	3.883819e-006
7.340000000000005e-001	3.904488e-006
7.350000000000005e-001	3.925140e-006
7.360000000000005e-001	3.945774e-006
7.370000000000005e-001	3.966389e-006
7.380000000000005e-001	3.986986e-006
7.390000000000006e-001	4.007563e-006
7.400000000000006e-001	4.028121e-006
7.410000000000006e-001	4.048659e-006
7.420000000000006e-001	4.069177e-006
7.430000000000006e-001	4.089675e-006
7.440000000000006e-001	4.110153e-006
7.450000000000006e-001	4.130609e-006
7.460000000000006e-001	4.151045e-006
7.470000000000006e-001	4.171459e-006
7.480000000000006e-001	4.191852e-006
7.490000000000006e-001	4.212222e-006
7.500000000000006e-001	4.232571e-006
7.510000000000006e-001	4.252898e-006
7.520000000000006e-001	4.273203e-006
7.530000000000006e-001	4.293484e-006
7.540000000000006e-001	4.313743e-006
7.550000000000006e-001	4.333979e-006
7.560000000000006e-001	4.354191e-006
7.570000000000006e-001	4.374380e-006
7.580000000000006e-001	4.394546e-006
7.590000000000006e-001	4.414688e-006
7.600000000000006e-001	4.434806e-006
7.610000000000006e-001	4.454900e-006
7.620000000000006e-001	4.474970e-006
7.630000000000006e-001	4.495015e-006
7.640000000000006e-001	4.515036e-006
7.650000000000006e-001	4.535033e-006
7.660000000000006e-001	4.555005e-006
7.670000000000006e-001	4.574952e-006
7.680000000000006e-001	4.594874e-006
7.690000000000006e-001	4.614771e-006
7.700000000000006e-001	4.634642e-006
7.710000000000006e-001	4.654489e-006
7.720000000000006e-001	4.674310e-006
7.730000000000006e-001	4.694106e-006
7.740000000000006e-001	4.713876e-006
7.750000000000006e-001	4.733621e-006
7.760000000000006e-001	4.753340e-006
7.770000000000006e-001	4.773034e-006
7.780000000000006e-001	4.792701e-006
7.790000000000006e-001	4.812343e-006
7.800000000000006e-001	4.831959e-006
7.810000000000006e-001	4.851549e-006
7.820000000000006e-001	4.871114e-006
7.830000000000006e-001	4.890651e-006
7.840000000000006e-001	4.910164e-006
7.850000000000006e-001	4.929650e-006
7.860000000000006e-001	4.949109e-006
7.870000000000006e-001	4.968543e-006
7.880000000000006e-001	4.987950e-006
7.890000000000006e-001	5.007332e-006
7.900000000000006e-001	5.026687e-006
7.910000000000006e-001	5.046016e-006
7.920000000000006e-001	5.065318e-006
7.930000000000006e-001	5.084595e-006
7.940000000000006e-001	5.103845e-006
7.950000000000006e-001	5.123069e-006
7.960000000000006e-001	5.142267e-006
7.970000000000006e-001	5.161438e-006
7.980000000000006e-001	5.180584e-006
7.990000000000006e-001	5.199703e-006
8.000000000000006e-001	5.218796e-006
8.010000000000006e-001	5.237863e-006
8.020000000000006e-001	5.256903e-006
8.030000000000006e-001	5.275918e-006
8.040000000000006e-001	5.294906e-006
8.050000000000006e-001	5.313868e-006
8.060000000000006e-001	5.332805e-006
8.070000000000006e-001	5.351715e-006
8.080000000000006e-001	5.370599e-006
8.090000000000006e-001	5.389458e-006
8.100000000000006e-001	5.408290e-006
8.110000000000006e-001	5.427097e-006
8.120000000000006e-001	5.445877e-006
8.130000000000006e-001	5.464633e-006
8.140000000000006e-001	5.483362e-006
8.150000000000006e-001	5.502065e-006
8.160000000000006e-001	5.520743e-006
8.170000000000006e-001	5.539395e-006
8.180000000000006e-001	5.558022e-006
8.190000000000006e-001	5.576624e-006
8.200000000000006e-001	5.595199e-006
8.210000000000006e-001	5.613750e-006
8.220000000000006e-001	5.632275e-006
8.230000000000006e-001	5.650775e-006
8.240000000000006e-001	5.669250e-006
8.250000000000006e-001	5.687699e-006
8.260000000000006e-001	5.706123e-006
8.270000000000006e-001	5.724523e-006
8.280000000000006e-001	5.742897e-006
8.290000000000006e-001	5.761247e-006
8.300000000000006e-001	5.779572e-006
8.310000000000006e-001	5.797872e-006
8.320000000000006e-001	5.816148e-006
8.330000000000006e-001	5.834399e-006
8.340000000000006e-001	5.852625e-006
8.350000000000006e-001	5.870826e-006
8.360000000000006e-001	5.889004e-006
8.370000000000006e-001	5.907157e-006
8.380000000000006e-001	5.925286e-006
8.390000000000006e-001	5.943391e-006
8.400000000000006e-001	5.961471e-006
8.410000000000006e-001	5.979527e-006
8.420000000000006e-001	5.997560e-006
8.430000000000006e-001	6.015569e-006
8.440000000000006e-001	6.033554e-006
8.450000000000006e-001	6.051515e-006
8.460000000000006e-001	6.069453e-006
8.470000000000006e-001	6.087367e-006
8.480000000000006e-001	6.105257e-006
8.490000000000006e-001	6.123125e-006
8.500000000000006e-001	6.140969e-006
8.510000000000006e-001	6.158789e-006
8.520000000000007e-001	6.176587e-006
8.530000000000007e-001	6.194361e-006
8.540000000000007e-001	6.212113e-006
8.550000000000007e-001	6.229841e-006
8.560000000000007e-001	6.247547e-006
8.570000000000007e-001	6.265230e-006
8.580000000000007e-001	6.282890e-006
8.590000000000007e-001	6.300528e-006
8.600000000000007e-001	6.318143e-006
8.610000000000007e-001	6.335737e-006
8.620000000000007e-001	6.353307e-006
8.630000000000007e-001	6.370855e-006
8.640000000000007e-001	6.388381e-006
8.650000000000007e-001	6.405885e-006
8.660000000000007e-001	6.423367e-006
8.670000000000007e-001	6.440828e-006
8.680000000000007e-001	6.458266e-006
8.690000000000007e-001	6.475683e-006
8.700000000000007e-001	6.493077e-006
8.710000000000007e-001	6.510451e-006
8.720000000000007e-001	6.527803e-006
8.730000000000007e-001	6.545133e-006
8.740000000000007e-001	6.562442e-006
8.750000000000007e-001	6.579730e-006
8.760000000000007e-001	6.596997e-006
8.770000000000007e-001	6.614242e-006
8.780000000000007e-001	6.631467e-006
8.790000000000007e-001	6.648671e-006
8.800000000000007e-001	6.665854e-006
8.810000000000007e-001	6.683016e-006
8.820000000000007e-001	6.700157e-006
8.830000000000007e-001	6.717278e-006
8.840000000000007e-001	6.734379e-006
8.850000000000007e-001	6.751458e-006
8.860000000000007e-001	6.768518e-006
8.870000000000007e-001	6.785557e-006
8.880000000000007e-001	6.802576e-006
8.890000000000007e-001	6.819575e-006
8.900000000000007e-001	6.836554e-006
8.910000000000007e-001	6.853513e-006
8.920000000000007e-001	6.870453e-006
8.930000000000007e-001	6.887372e-006
8.940000000000007e-001	6.904272e-006
8.950000000000007e-001	6.921151e-006
8.960000000000007e-001	6.938012e-006
8.970000000000007e-001	6.954853e-006
8.980000000000007e-001	6.971675e-006
8.990000000000007e-001	6.988477e-006
9.000000000000007e-001	7.005260e-006
9.010000000000007e-001	7.022024e-006
9.020000000000007e-001	7.038769e-006
9.030000000000007e-001	7.055494e-006
9.040000000000007e-001	7.072201e-006
9.050000000000007e-001	7.088889e-006
9.060000000000007e-001	7.105558e-006
9.070000000000007e-001	7.122208e-006
9.080000000000007e-001	7.138840e-006
9.090000000000007e-001	7.155454e-006
9.100000000000007e-001	7.172048e-006
9.110000000000007e-001	7.188625e-006
9.120000000000007e-001	7.205183e-006
9.130000000000007e-001	7.221722e-006
9.140000000000007e-001	7.238244e-006
9.150000000000007e-001	7.254747e-006
9.160000000000007e-001	7.271232e-006
9.170000000000007e-001	7.287699e-006
9.180000000000007e-001	7.304148e-006
9.190000000000007e-001	7.320580e-006
9.200000000000007e-001	7.336993e-006
9.210000000000007e-001	7.353389e-006
9.220000000000007e-001	7.369767e-006
9.230000000000007e-001	7.386128e-006
9.240000000000007e-001	7.402471e-006
9.250000000000007e-001	7.418797e-006
9.260000000000007e-001	7.435105e-006
9.270000000000007e-001	7.451396e-006
9.280000000000007e-001	7.467670e-006
9.290000000000007e-001	7.483926e-006
9.300000000000007e-001	7.500165e-006
9.310000000000007e-001	7.516388e-006
9.320000000000007e-001	7.532593e-006
9.330000000000007e-001	7.548781e-006
9.340000000000007e-001	7.564953e-006
9.350000000000007e-001	7.581107e-006
9.360000000000007e-001	7.597245e-006
9.370000000000007e-001	7.613367e-006
9.380000000000007e-001	7.629471e-006
9.390000000000007e-001	7.645559e-006
9.400000000000007e-001	7.661631e-006
9.410000000000007e-001	7.677686e-006
9.420000000000007e-001	7.693724e-006
9.430000000000007e-001	7.709747e-006
9.440000000000007e-001	7.725753e-006
9.450000000000007e-001	7.741743e-006
9.460000000000007e-001	7.757716e-006
9.470000000000007e-001	7.773674e-006
9.480000000000007e-001	7.789615e-006
9.490000000000007e-001	7.805541e-006
9.500000000000007e-001	7.821451e-006
9.510000000000007e-001	7.837344e-006
9.520000000000007e-001	7.853222e-006
9.530000000000007e-001	7.869084e-006
9.540000000000007e-001	7.884931e-006
9.550000000000007e-001	7.900761e-006
9.560000000000007e-001	7.916577e-006
9.570000000000007e-001	7.932376e-006
9.580000000000007e-001	7.948161e-006
9.590000000000007e-001	7.963929e-006
9.600000000000007e-001	7.979682e-006
9.610000000000007e-001	7.995420e-006
9.620000000000007e-001	8.011143e-006
9.630000000000007e-001	8.026850e-006
9.640000000000008e-001	8.042543e-006
9.650000000000008e-001	8.058219e-006
9.660000000000008e-001	8.073882e-006
9.670000000000008e-001	8.089529e-006
9.680000000000008e-001	8.105160e-006
9.690000000000008e-001	8.120777e-006
9.700000000000008e-001	8.136380e-006
9.710000000000008e-001	8.151967e-006
9.720000000000008e-001	8.167539e-006
9.730000000000008e-001	8.183097e-006
9.740000000000008e-001	8.198640e-006
9.750000000000008e-001	8.214169e-006
9.760000000000008e-001	8.229682e-006
9.770000000000008e-001	8.245182e-006
9.780000000000008e-001	8.260666e-006
9.790000000000008e-001	8.276136e-006
9.800000000000008e-001	8.291591e-006
9.810000000000008e-001	8.307033e-006
9.820000000000008e-001	8.322460e-006
9.830000000000008e-001	8.337873e-006
9.840000000000008e-001	8.353270e-006
9.850000000000008e-001	8.368655e-006
9.860000000000008e-001	8.384025e-006
9.870000000000008e-001	8.399380e-006
9.880000000000008e-001	8.414722e-006
9.890000000000008e-001	8.430050e-006
9.900000000000008e-001	8.445363e-006
9.910000000000008e-001	8.460663e-006
9.920000000000008e-001	8.475949e-006
9.930000000000008e-001	8.491220e-006
9.940000000000008e-001	8.506478e-006
9.950000000000008e-001	8.521723e-006
9.960000000000008e-001	8.536952e-006
9.970000000000008e-001	8.552169e-006
9.980000000000008e-001	8.567372e-006
9.990000000000008e-001	8.582560e-006
1.000000000000001e+000	8.597736e-006
1.001000000000001e+000	8.612898e-006
1.002000000000000e+000	8.628046e-006
1.003000000000000e+000	8.643181e-006
1.004000000000000e+000	8.658302e-006
1.005000000000000e+000	8.673411e-006
1.006000000000000e+000	8.688505e-006
1.007000000000000e+000	8.703586e-006
1.008000000000000e+000	8.718654e-006
1.009000000000000e+000	8.733708e-006
1.010000000000000e+000	8.748749e-006
1.011000000000000e+000	8.763776e-006
1.011999999999999e+000	8.778791e-006
1.012999999999999e+000	8.793792e-006
1.013999999999999e+000	8.808781e-006
1.014999999999999e+000	8.823756e-006
1.015999999999999e+000	8.838718e-006
1.016999999999999e+000	8.853667e-006
1.017999999999999e+000	8.868603e-006
1.018999999999999e+000	8.883526e-006
1.019999999999999e+000	8.898435e-006
1.020999999999998e+000	8.913333e-006
1.021999999999998e+000	8.928217e-006
1.022999999999998e+000	8.943088e-006
1.023999999999998e+000	8.957946e-006
1.024999999999998e+000	8.972792e-006
1.025999999999998e+000	8.987625e-006
1.026999999999998e+000	9.002445e-006
1.027999999999998e+000	9.017253e-006
1.028999999999998e+000	9.032046e-006
1.029999999999997e+000	9.046828e-006
1.030999999999997e+000	9.061598e-006
1.031999999999997e+000	9.076354e-006
1.032999999999997e+000	9.091099e-006
1.033999999999997e+000	9.105830e-006
1.034999999999997e+000	9.120549e-006
1.035999999999997e+000	9.135256e-006
1.036999999999997e+000	9.149950e-006
1.037999999999997e+000	9.164632e-006
1.038999999999996e+000	9.179300e-006
1.039999999999996e+000	9.193957e-006
1.040999999999996e+000	9.208601e-006
1.041999999999996e+000	9.223233e-006
1.042999999999996e+000	9.237853e-006
1.043999999999996e+000	9.252461e-006
1.044999999999996e+000	9.267055e-006
1.045999999999996e+000	9.281638e-006
1.046999999999996e+000	9.296208e-006
1.047999999999995e+000	9.310766e-006
1.048999999999995e+000	9.325313e-006
1.049999999999995e+000	9.339847e-006
1.050999999999995e+000	9.354369e-006
1.051999999999995e+000	9.368879e-006
1.052999999999995e+000	9.383376e-006
1.053999999999995e+000	9.397862e-006
1.054999999999995e+000	9.412335e-006
1.055999999999995e+000	9.426797e-006
1.056999999999994e+000	9.441246e-006
1.057999999999994e+000	9.455684e-006
1.058999999999994e+000	9.470109e-006
1.059999999999994e+000	9.484523e-006
1.060999999999994e+000	9.498925e-006
1.061999999999994e+000	9.513315e-006
1.062999999999994e+000	9.527693e-006
1.063999999999994e+000	9.542058e-006
1.064999999999994e+000	9.556413e-006
1.065999999999993e+000	9.570756e-006
1.066999999999993e+000	9.585086e-006
1.067999999999993e+000	9.599405e-006
1.068999999999993e+000	9.613712e-006
1.069999999999993e+000	9.628007e-006
1.070999999999993e+000	9.642291e-006
1.071999999999993e+000	9.656563e-006
1.072999999999993e+000	9.670823e-006
1.073999999999993e+000	9.685072e-006
1.074999999999992e+000	9.699309e-006
1.075999999999992e+000	9.713534e-006
1.076999999999992e+000	9.727748e-006
1.077999999999992e+000	9.741950e-006
1.078999999999992e+000	9.756141e-006
1.079999999999992e+000	9.770320e-006
1.080999999999992e+000	9.784487e-006
1.081999999999992e+000	9.798643e-006
1.082999999999992e+000	9.812788e-006
1.083999999999991e+000	9.826921e-006
1.084999999999991e+000	9.841042e-006
1.085999999999991e+000	9.855153e-006
1.086999999999991e+000	9.869251e-006
1.087999999999991e+000	9.883338e-006
1.088999999999991e+000	9.897414e-006
1.089999999999991e+000	9.911479e-006
1.090999999999991e+000	9.925532e-006
1.091999999999991e+000	9.939574e-006
1.092999999999990e+000	9.953604e-006
1.093999999999990e+000	9.967623e-006
1.094999999999990e+000	9.981631e-006
1.095999999999990e+000	9.995628e-006
1.096999999999990e+000	1.000961e-005
1.097999999999990e+000	1.002359e-005
1.098999999999990e+000	1.003755e-005
1.099999999999990e+000	1.005150e-005
1.100999999999990e+000	1.006544e-005
1.101999999999989e+000	1.007937e-005
1.102999999999989e+000	1.009329e-005
1.103999999999989e+000	1.010720e-005
1.104999999999989e+000	1.012109e-005
1.105999999999989e+000	1.013498e-005
1.106999999999989e+000	1.014885e-005
1.107999999999989e+000	1.016271e-005
1.108999999999989e+000	1.017656e-005
1.109999999999989e+000	1.019040e-005
1.110999999999988e+000	1.020423e-005
1.111999999999988e+000	1.021805e-005
1.112999999999988e+000	1.023186e-005
1.113999999999988e+000	1.024565e-005
1.114999999999988e+000	1.025944e-005
1.115999999999988e+000	1.027321e-005
1.116999999999988e+000	1.028697e-005
1.117999999999988e+000	1.030073e-005
1.118999999999988e+000	1.031447e-005
1.119999999999988e+000	1.032820e-005
1.120999999999987e+000	1.034192e-005
1.121999999999987e+000	1.035562e-005
1.122999999999987e+000	1.036932e-005
1.123999999999987e+000	1.038301e-005
1.124999999999987e+000	1.039668e-005
1.125999999999987e+000	1.041035e-005
1.126999999999987e+000	1.042400e-005
1.127999999999987e+000	1.043764e-005
1.128999999999987e+000	1.045128e-005
1.129999999999986e+000	1.046490e-005
1.130999999999986e+000	1.047851e-005
1.131999999999986e+000	1.049211e-005
1.132999999999986e+000	1.050569e-005
1.133999999999986e+000	1.051927e-005
1.134999999999986e+000	1.053284e-005
1.135999999999986e+000	1.054640e-005
1.136999999999986e+000	1.055994e-005
1.137999999999986e+000	1.057348e-005
1.138999999999985e+000	1.058700e-005
1.139999999999985e+000	1.060051e-005
1.140999999999985e+000	1.061402e-005
1.141999999999985e+000	1.062751e-005
1.142999999999985e+000	1.064099e-005
1.143999999999985e+000	1.065446e-005
1.144999999999985e+000	1.066792e-005
1.145999999999985e+000	1.068137e-005
1.146999999999985e+000	1.069481e-005
1.147999999999984e+000	1.070824e-005
1.148999999999984e+000	1.072165e-005
1.149999999999984e+000	1.073506e-005
1.150999999999984e+000	1.074846e-005
1.151999999999984e+000	1.076184e-005
1.152999999999984e+000	1.077522e-005
1.153999999999984e+000	1.078858e-005
1.154999999999984e+000	1.080193e-005
1.155999999999984e+000	1.081528e-005
1.156999999999983e+000	1.082861e-005
1.157999999999983e+000	1.084193e-005
1.158999999999983e+000	1.085524e-005
1.159999999999983e+000	1.086855e-005
1.160999999999983e+000	1.088184e-005
1.161999999999983e+000	1.089512e-005
1.162999999999983e+000	1.090838e-005
1.163999999999983e+000	1.092164e-005
1.164999999999983e+000	1.093489e-005
1.165999999999982e+000	1.094813e-005
1.166999999999982e+000	1.096136e-005
1.167999999999982e+000	1.097458e-005
1.168999999999982e+000	1.098778e-005
1.169999999999982e+000	1.100098e-005
1.170999999999982e+000	1.101416e-005
1.171999999999982e+000	1.102734e-005
1.172999999999982e+000	1.104050e-005
1.173999999999982e+000	1.105366e-005
1.174999999999981e+000	1.106680e-005
1.175999999999981e+000	1.107994e-005
1.176999999999981e+000	1.109306e-005
1.177999999999981e+000	1.110617e-005
1.178999999999981e+000	1.111928e-005
1.179999999999981e+000	1.113237e-005
1.180999999999981e+000	1.114545e-005
1.181999999999981e+000	1.115852e-005
1.182999999999981e+000	1.117158e-005
1.183999999999980e+000	1.118463e-005
1.184999999999980e+000	1.119767e-005
1.185999999999980e+000	1.121070e-005
1.186999999999980e+000	1.122372e-005
1.187999999999980e+000	1.123673e-005
1.188999999999980e+000	1.124973e-005
1.189999999999980e+000	1.126272e-005
1.190999999999980e+000	1.127570e-005
1.191999999999980e+000	1.128867e-005
1.192999999999979e+000	1.130163e-005
1.193999999999979e+000	1.131458e-005
1.194999999999979e+000	1.132751e-005
1.195999999999979e+000	1.134044e-005
1.196999999999979e+000	1.135336e-005
1.197999999999979e+000	1.136627e-005
1.198999999999979e+000	1.137916e-005
1.199999999999979e+000	1.139205e-005
1.200999999999979e+000	1.140493e-005
1.201999999999978e+000	1.141779e-005
1.202999999999978e+000	1.143065e-005
1.203999999999978e+000	1.144350e-005
1.204999999999978e+000	1.145633e-005
1.205999999999978e+000	1.146916e-005
1.206999999999978e+000	1.148197e-005
1.207999999999978e+000	1.149478e-005
1.208999999999978e+000	1.150757e-005
1.209999999999978e+000	1.152036e-005
1.210999999999977e+000	1.153313e-005
1.211999999999977e+000	1.154590e-005
1.212999999999977e+000	1.155865e-005
1.213999999999977e+000	1.157140e-005
1.214999999999977e+000	1.158413e-005
1.215999999999977e+000	1.159686e-005
1.216999999999977e+000	1.160957e-005
1.217999999999977e+000	1.162227e-005
1.218999999999977e+000	1.163497e-005
1.219999999999976e+000	1.164765e-005
1.220999999999976e+000	1.166033e-005
1.221999999999976e+000	1.167299e-005
1.222999999999976e+000	1.168564e-005
1.223999999999976e+000	1.169829e-005
1.224999999999976e+000	1.171092e-005
1.225999999999976e+000	1.172354e-005
1.226999999999976e+000	1.173616e-005
1.227999999999976e+000	1.174876e-005
1.228999999999975e+000	1.176136e-005
1.229999999999975e+000	1.177394e-005
1.230999999999975e+000	1.178651e-005
1.231999999999975e+000	1.179908e-005
1.232999999999975e+000	1.181163e-005
1.233999999999975e+000	1.182417e-005
1.234999999999975e+000	1.183671e-005
1.235999999999975e+000	1.184923e-005
1.236999999999975e+000	1.186174e-005
1.237999999999975e+000	1.187425e-005
1.238999999999974e+000	1.188674e-005
1.239999999999974e+000	1.189923e-005
1.240999999999974e+000	1.191170e-005
1.241999999999974e+000	1.192416e-005
1.242999999999974e+000	1.193662e-005
1.243999999999974e+000	1.194906e-005
1.244999999999974e+000	1.196150e-005
1.245999999999974e+000	1.197392e-005
1.246999999999974e+000	1.198633e-005
1.247999999999973e+000	1.199874e-005
1.248999999999973e+000	1.201113e-005
1.249999999999973e+000	1.202352e-005
1.250999999999973e+000	1.203589e-005
1.251999999999973e+000	1.204826e-005
1.252999999999973e+000	1.206061e-005
1.253999999999973e+000	1.207296e-005
1.254999999999973e+000	1.208529e-005
1.255999999999973e+000	1.209762e-005
1.256999999999972e+000	1.210993e-005
1.257999999999972e+000	1.212224e-005
1.258999999999972e+000	1.213453e-005
1.259999999999972e+000	1.214682e-005
1.260999999999972e+000	1.215909e-005
1.261999999999972e+000	1.217136e-005
1.262999999999972e+000	1.218362e-005
1.263999999999972e+000	1.219586e-005
1.264999999999972e+000	1.220810e-005
1.265999999999971e+000	1.222033e-005
1.266999999999971e+000	1.223254e-005
1.267999999999971e+000	1.224475e-005
1.268999999999971e+000	1.225695e-005
1.269999999999971e+000	1.226914e-005
1.270999999999971e+000	1.228131e-005
1.271999999999971e+000	1.229348e-005
1.272999999999971e+000	1.230564e-005
1.273999999999971e+000	1.231779e-005
1.274999999999970e+000	1.232993e-005
1.275999999999970e+000	1.234206e-005
1.276999999999970e+000	1.235418e-005
1.277999999999970e+000	1.236629e-005
1.278999999999970e+000	1.237839e-005
1.279999999999970e+000	1.239048e-005
1.280999999999970e+000	1.240256e-005
1.281999999999970e+000	1.241463e-005
1.282999999999970e+000	1.242669e-005
1.283999999999969e+000	1.243874e-005
1.284999999999969e+000	1.245078e-005
1.285999999999969e+000	1.246281e-005
1.286999999999969e+000	1.247483e-005
1.287999999999969e+000	1.248685e-005
1.288999999999969e+000	1.249885e-005
1.289999999999969e+000	1.251084e-005
1.290999999999969e+000	1.252282e-005
1.291999999999969e+000	1.253480e-005
1.292999999999968e+000	1.254676e-005
1.293999999999968e+000	1.255872e-005
1.294999999999968e+000	1.257066e-005
1.295999999999968e+000	1.258259e-005
1.296999999999968e+000	1.259452e-005
1.297999999999968e+000	1.260644e-005
1.298999999999968e+000	1.261834e-005
1.299999999999968e+000	1.263024e-005
1.300999999999968e+000	1.264212e-005
1.301999999999967e+000	1.265400e-005
1.302999999999967e+000	1.266587e-005
1.303999999999967e+000	1.267773e-005
1.304999999999967e+000	1.268957e-005
1.305999999999967e+000	1.270141e-005
1.306999999999967e+000	1.271324e-005
1.307999999999967e+000	1.272506e-005
1.308999999999967e+000	1.273687e-005
1.309999999999967e+000	1.274867e-005
1.310999999999966e+000	1.276046e-005
1.311999999999966e+000	1.277224e-005
1.312999999999966e+000	1.278401e-005
1.313999999999966e+000	1.279577e-005
1.314999999999966e+000	1.280753e-005
1.315999999999966e+000	1.281927e-005
1.316999999999966e+000	1.283100e-005
1.317999999999966e+000	1.284272e-005
1.318999999999966e+000	1.285444e-005
1.319999999999965e+000	1.286614e-005
1.320999999999965e+000	1.287784e-005
1.321999999999965e+000	1.288952e-005
1.322999999999965e+000	1.290120e-005
1.323999999999965e+000	1.291286e-005
1.324999999999965e+000	1.292452e-005
1.325999999999965e+000	1.293617e-005
1.326999999999965e+000	1.294781e-005
1.327999999999965e+000	1.295943e-005
1.328999999999964e+000	1.297105e-005
1.329999999999964e+000	1.298266e-005
1.330999999999964e+000	1.299426e-005
1.331999999999964e+000	1.300585e-005
1.332999999999964e+000	1.301743e-005
1.333999999999964e+000	1.302900e-005
1.334999999999964e+000	1.304056e-005
1.335999999999964e+000	1.305212e-005
1.336999999999964e+000	1.306366e-005
1.337999999999963e+000	1.307519e-005
1.338999999999963e+000	1.308671e-005
1.339999999999963e+000	1.309823e-005
1.340999999999963e+000	1.310973e-005
1.341999999999963e+000	1.312123e-005
1.342999999999963e+000	1.313272e-005
1.343999999999963e+000	1.314419e-005
1.344999999999963e+000	1.315566e-005
1.345999999999963e+000	1.316712e-005
1.346999999999962e+000	1.317856e-005
1.347999999999962e+000	1.319000e-005
1.348999999999962e+000	1.320143e-005
1.349999999999962e+000	1.321285e-005
1.350999999999962e+000	1.322426e-005
1.351999999999962e+000	1.323566e-005
1.352999999999962e+000	1.324705e-005
1.353999999999962e+000	1.325844e-005
1.354999999999962e+000	1.326981e-005
1.355999999999962e+000	1.328117e-005
1.356999999999961e+000	1.329253e-005
1.357999999999961e+000	1.330387e-005
1.358999999999961e+000	1.331521e-005
1.359999999999961e+000	1.332653e-005
1.360999999999961e+000	1.333785e-005
1.361999999999961e+000	1.334916e-005
1.362999999999961e+000	1.336045e-005
1.363999999999961e+000	1.337174e-005
1.364999999999961e+000	1.338302e-005
1.365999999999960e+000	1.339429e-005
1.366999999999960e+000	1.340555e-005
1.367999999999960e+000	1.341680e-005
1.368999999999960e+000	1.342804e-005
1.369999999999960e+000	1.343928e-005
1.370999999999960e+000	1.345050e-005
1.371999999999960e+000	1.346171e-005
1.372999999999960e+000	1.347292e-005
1.373999999999960e+000	1.348411e-005
1.374999999999959e+000	1.349530e-005
1.375999999999959e+000	1.350648e-005
1.376999999999959e+000	1.351764e-005
1.377999999999959e+000	1.352880e-005
1.378999999999959e+000	1.353995e-005
1.379999999999959e+000	1.355109e-005
1.380999999999959e+000	1.356222e-005
1.381999999999959e+000	1.357334e-005
1.382999999999959e+000	1.358445e-005
1.383999999999958e+000	1.359555e-005
1.384999999999958e+000	1.360665e-005
1.385999999999958e+000	1.361773e-005
1.386999999999958e+000	1.362881e-005
1.387999999999958e+000	1.363987e-005
1.388999999999958e+000	1.365093e-005
1.389999999999958e+000	1.366197e-005
1.390999999999958e+000	1.367301e-005
1.391999999999958e+000	1.368404e-005
1.392999999999957e+000	1.369506e-005
1.393999999999957e+000	1.370607e-005
1.394999999999957e+000	1.371707e-005
1.395999999999957e+000	1.372806e-005
1.396999999999957e+000	1.373904e-005
1.397999999999957e+000	1.375001e-005
1.398999999999957e+000	1.376098e-005
1.399999999999957e+000	1.377193e-005
1.400999999999957e+000	1.378288e-005
1.401999999999956e+000	1.379382e-005
1.402999999999956e+000	1.380474e-005
1.403999999999956e+000	1.381566e-005
1.404999999999956e+000	1.382657e-005
1.405999999999956e+000	1.383747e-005
1.406999999999956e+000	1.384836e-005
1.407999999999956e+000	1.385924e-005
1.408999999999956e+000	1.387011e-005
1.409999999999956e+000	1.388097e-005
1.410999999999955e+000	1.389183e-005
1.411999999999955e+000	1.390267e-005
1.412999999999955e+000	1.391351e-005
1.413999999999955e+000	1.392433e-005
1.414999999999955e+000	1.393515e-005
1.415999999999955e+000	1.394596e-005
1.416999999999955e+000	1.395676e-005
1.417999999999955e+000	1.396755e-005
1.418999999999955e+000	1.397833e-005
1.419999999999954e+000	1.398910e-005
1.420999999999954e+000	1.399986e-005
1.421999999999954e+000	1.401061e-005
1.422999999999954e+000	1.402136e-005
1.423999999999954e+000	1.403209e-005
1.424999999999954e+000	1.404282e-005
1.425999999999954e+000	1.405354e-005
1.426999999999954e+000	1.406425e-005
1.427999999999954e+000	1.407494e-005
1.428999999999953e+000	1.408563e-005
1.429999999999953e+000	1.409631e-005
1.430999999999953e+000	1.410699e-005
1.431999999999953e+000	1.411765e-005
1.432999999999953e+000	1.412830e-005
1.433999999999953e+000	1.413895e-005
1.434999999999953e+000	1.414958e-005
1.435999999999953e+000	1.416021e-005
1.436999999999953e+000	1.417083e-005
1.437999999999952e+000	1.418143e-005
1.438999999999952e+000	1.419203e-005
1.439999999999952e+000	1.420262e-005
1.440999999999952e+000	1.421320e-005
1.441999999999952e+000	1.422378e-005
1.442999999999952e+000	1.423434e-005
1.443999999999952e+000	1.424489e-005
1.444999999999952e+000	1.425544e-005
1.445999999999952e+000	1.426597e-005
1.446999999999951e+000	1.427650e-005
1.447999999999951e+000	1.428702e-005
1.448999999999951e+000	1.429753e-005
1.449999999999951e+000	1.430803e-005
1.450999999999951e+000	1.431852e-005
1.451999999999951e+000	1.432900e-005
1.452999999999951e+000	1.433947e-005
1.453999999999951e+000	1.434994e-005
1.454999999999951e+000	1.436039e-005
1.455999999999950e+000	1.437084e-005
1.456999999999950e+000	1.438128e-005
1.457999999999950e+000	1.439171e-005
1.458999999999950e+000	1.440213e-005
1.459999999999950e+000	1.441254e-005
1.460999999999950e+000	1.442294e-005
1.461999999999950e+000	1.443333e-005
1.462999999999950e+000	1.444371e-005
1.463999999999950e+000	1.445409e-005
1.464999999999950e+000	1.446446e-005
1.465999999999949e+000	1.447481e-005
1.466999999999949e+000	1.448516e-005
1.467999999999949e+000	1.449550e-005
1.468999999999949e+000	1.450583e-005
1.469999999999949e+000	1.451615e-005
1.470999999999949e+000	1.452646e-005
1.471999999999949e+000	1.453677e-005
1.472999999999949e+000	1.454706e-005
1.473999999999949e+000	1.455735e-005
1.474999999999948e+000	1.456762e-005
1.475999999999948e+000	1.457789e-005
1.476999999999948e+000	1.458815e-005
1.477999999999948e+000	1.459840e-005
1.478999999999948e+000	1.460864e-005
1.479999999999948e+000	1.461888e-005
1.480999999999948e+000	1.462910e-005
1.481999999999948e+000	1.463931e-005
1.482999999999948e+000	1.464952e-005
1.483999999999947e+000	1.465972e-005
1.484999999999947e+000	1.466991e-005
1.485999999999947e+000	1.468009e-005
1.486999999999947e+000	1.469026e-005
1.487999999999947e+000	1.470042e-005
1.488999999999947e+000	1.471057e-005
1.489999999999947e+000	1.472072e-005
1.490999999999947e+000	1.473085e-005
1.491999999999947e+000	1.474098e-005
1.492999999999946e+000	1.475110e-005
1.493999999999946e+000	1.476121e-005
1.494999999999946e+000	1.477131e-005
1.495999999999946e+000	1.478140e-005
1.496999999999946e+000	1.479148e-005
1.497999999999946e+000	1.480155e-005
1.498999999999946e+000	1.481162e-005
1.499999999999946e+000	1.482168e-005
1.500999999999946e+000	1.483172e-005
1.501999999999945e+000	1.484176e-005
1.502999999999945e+000	1.485179e-005
1.503999999999945e+000	1.486181e-005
1.504999999999945e+000	1.487183e-005
1.505999999999945e+000	1.488183e-005
1.506999999999945e+000	1.489183e-005
1.507999999999945e+000	1.490181e-005
1.508999999999945e+000	1.491179e-005
1.509999999999945e+000	1.492176e-005
1.510999999999944e+000	1.493172e-005
1.511999999999944e+000	1.494167e-005
1.512999999999944e+000	1.495161e-005
1.513999999999944e+000	1.496155e-005
1.514999999999944e+000	1.497147e-005
1.515999999999944e+000	1.498139e-005
1.516999999999944e+000	1.499130e-005
1.517999999999944e+000	1.500120e-005
1.518999999999944e+000	1.501109e-005
1.519999999999943e+000	1.502097e-005
1.520999999999943e+000	1.503084e-005
1.521999999999943e+000	1.504071e-005
1.522999999999943e+000	1.505056e-005
1.523999999999943e+000	1.506041e-005
1.524999999999943e+000	1.507025e-005
1.525999999999943e+000	1.508008e-005
1.526999999999943e+000	1.508990e-005
1.527999999999943e+000	1.509971e-005
1.528999999999942e+000	1.510952e-005
1.529999999999942e+000	1.511931e-005
1.530999999999942e+000	1.512910e-005
1.531999999999942e+000	1.513888e-005
1.532999999999942e+000	1.514865e-005
1.533999999999942e+000	1.515841e-005
1.534999999999942e+000	1.516816e-005
1.535999999999942e+000	1.517791e-005
1.536999999999942e+000	1.518764e-005
1.537999999999941e+000	1.519737e-005
1.538999999999941e+000	1.520709e-005
1.539999999999941e+000	1.521679e-005
1.540999999999941e+000	1.522650e-005
1.541999999999941e+000	1.523619e-005
1.542999999999941e+000	1.524587e-005
1.543999999999941e+000	1.525555e-005
1.544999999999941e+000	1.526521e-005
1.545999999999941e+000	1.527487e-005
1.546999999999940e+000	1.528452e-005
1.547999999999940e+000	1.529416e-005
1.548999999999940e+000	1.530379e-005
1.549999999999940e+000	1.531342e-005
1.550999999999940e+000	1.532303e-005
1.551999999999940e+000	1.533264e-005
1.552999999999940e+000	1.534224e-005
1.553999999999940e+000	1.535183e-005
1.554999999999940e+000	1.536141e-005
1.555999999999939e+000	1.537098e-005
1.556999999999939e+000	1.538054e-005
1.557999999999939e+000	1.539010e-005
1.558999999999939e+000	1.539965e-005
1.559999999999939e+000	1.540918e-005
1.560999999999939e+000	1.541871e-005
1.561999999999939e+000	1.542824e-005
1.562999999999939e+000	1.543775e-005
1.563999999999939e+000	1.544725e-005
1.564999999999938e+000	1.545675e-005
1.565999999999938e+000	1.546624e-005
1.566999999999938e+000	1.547571e-005
1.567999999999938e+000	1.548519e-005
1.568999999999938e+000	1.549465e-005
1.569999999999938e+000	1.550410e-005
1.570999999999938e+000	1.551355e-005
1.571999999999938e+000	1.552298e-005
1.572999999999938e+000	1.553241e-005
1.573999999999937e+000	1.554183e-005
1.574999999999937e+000	1.555124e-005
1.575999999999937e+000	1.556064e-005
1.576999999999937e+000	1.557004e-005
1.577999999999937e+000	1.557943e-005
1.578999999999937e+000	1.558880e-005
1.579999999999937e+000	1.559817e-005
1.580999999999937e+000	1.560753e-005
1.581999999999937e+000	1.561689e-005
1.582999999999937e+000	1.562623e-005
1.583999999999936e+000	1.563557e-005
1.584999999999936e+000	1.564489e-005
1.585999999999936e+000	1.565421e-005
1.586999999999936e+000	1.566352e-005
1.587999999999936e+000	1.567282e-005
1.588999999999936e+000	1.568212e-005
1.589999999999936e+000	1.569140e-005
1.590999999999936e+000	1.570068e-005
1.591999999999936e+000	1.570995e-005
1.592999999999935e+000	1.571921e-005
1.593999999999935e+000	1.572846e-005
1.594999999999935e+000	1.573770e-005
1.595999999999935e+000	1.574694e-005
1.596999999999935e+000	1.575617e-005
1.597999999999935e+000	1.576538e-005
1.598999999999935e+000	1.577459e-005
1.599999999999935e+000	1.578380e-005
1.600999999999935e+000	1.579299e-005
1.601999999999934e+000	1.580218e-005
1.602999999999934e+000	1.581135e-005
1.603999999999934e+000	1.582052e-005
1.604999999999934e+000	1.582968e-005
1.605999999999934e+000	1.583883e-005
1.606999999999934e+000	1.584798e-005
1.607999999999934e+000	1.585711e-005
1.608999999999934e+000	1.586624e-005
1.609999999999934e+000	1.587536e-005
1.610999999999933e+000	1.588447e-005
1.611999999999933e+000	1.589357e-005
1.612999999999933e+000	1.590266e-005
1.613999999999933e+000	1.591175e-005
1.614999999999933e+000	1.592083e-005
1.615999999999933e+000	1.592990e-005
1.616999999999933e+000	1.593896e-005
1.617999999999933e+000	1.594801e-005
1.618999999999933e+000	1.595705e-005
1.619999999999932e+000	1.596609e-005
1.620999999999932e+000	1.597512e-005
1.621999999999932e+000	1.598414e-005
1.622999999999932e+000	1.599315e-005
1.623999999999932e+000	1.600215e-005
1.624999999999932e+000	1.601115e-005
1.625999999999932e+000	1.602013e-005
1.626999999999932e+000	1.602911e-005
1.627999999999932e+000	1.603808e-005
1.628999999999931e+000	1.604705e-005
1.629999999999931e+000	1.605600e-005
1.630999999999931e+000	1.606495e-005
1.631999999999931e+000	1.607388e-005
1.632999999999931e+000	1.608281e-005
1.633999999999931e+000	1.609174e-005
1.634999999999931e+000	1.610065e-005
1.635999999999931e+000	1.610955e-005
1.636999999999931e+000	1.611845e-005
1.637999999999930e+000	1.612734e-005
1.638999999999930e+000	1.613622e-005
1.639999999999930e+000	1.614509e-005
1.640999999999930e+000	1.615396e-005
1.641999999999930e+000	1.616281e-005
1.642999999999930e+000	1.617166e-005
1.643999999999930e+000	1.618050e-005
1.644999999999930e+000	1.618933e-005
1.645999999999930e+000	1.619815e-005
1.646999999999929e+000	1.620697e-005
1.647999999999929e+000	1.621578e-005
1.648999999999929e+000	1.622458e-005
1.649999999999929e+000	1.623337e-005
1.650999999999929e+000	1.624215e-005
1.651999999999929e+000	1.625093e-005
1.652999999999929e+000	1.625969e-005
1.653999999999929e+000	1.626845e-005
1.654999999999929e+000	1.627720e-005
1.655999999999928e+000	1.628594e-005
1.656999999999928e+000	1.629468e-005
1.657999999999928e+000	1.630341e-005
1.658999999999928e+000	1.631212e-005
1.659999999999928e+000	1.632083e-005
1.660999999999928e+000	1.632954e-005
1.661999999999928e+000	1.633823e-005
1.662999999999928e+000	1.634692e-005
1.663999999999928e+000	1.635559e-005
1.664999999999927e+000	1.636426e-005
1.665999999999927e+000	1.637293e-005
1.666999999999927e+000	1.638158e-005
1.667999999999927e+000	1.639023e-005
1.668999999999927e+000	1.639886e-005
1.669999999999927e+000	1.640749e-005
1.670999999999927e+000	1.641612e-005
1.671999999999927e+000	1.642473e-005
1.672999999999927e+000	1.643334e-005
1.673999999999926e+000	1.644193e-005
1.674999999999926e+000	1.645052e-005
1.675999999999926e+000	1.645911e-005
1.676999999999926e+000	1.646768e-005
1.677999999999926e+000	1.647625e-005
1.678999999999926e+000	1.648480e-005
1.679999999999926e+000	1.649335e-005
1.680999999999926e+000	1.650190e-005
1.681999999999926e+000	1.651043e-005
1.682999999999925e+000	1.651896e-005
1.683999999999925e+000	1.652747e-005
1.684999999999925e+000	1.653599e-005
1.685999999999925e+000	1.654449e-005
1.686999999999925e+000	1.655298e-005
1.687999999999925e+000	1.656147e-005
1.688999999999925e+000	1.656995e-005
1.689999999999925e+000	1.657842e-005
1.690999999999925e+000	1.658688e-005
1.691999999999925e+000	1.659533e-005
1.692999999999924e+000	1.660378e-005
1.693999999999924e+000	1.661222e-005
1.694999999999924e+000	1.662065e-005
1.695999999999924e+000	1.662907e-005
1.696999999999924e+000	1.663749e-005
1.697999999999924e+000	1.664590e-005
1.698999999999924e+000	1.665430e-005
1.699999999999924e+000	1.666269e-005
1.700999999999924e+000	1.667107e-005
1.701999999999923e+000	1.667945e-005
1.702999999999923e+000	1.668781e-005
1.703999999999923e+000	1.669617e-005
1.704999999999923e+000	1.670453e-005
1.705999999999923e+000	1.671287e-005
1.706999999999923e+000	1.672121e-005
1.707999999999923e+000	1.672954e-005
1.708999999999923e+000	1.673786e-005
1.709999999999923e+000	1.674617e-005
1.710999999999922e+000	1.675448e-005
1.711999999999922e+000	1.676277e-005
1.712999999999922e+000	1.677106e-005
1.713999999999922e+000	1.677934e-005
1.714999999999922e+000	1.678762e-005
1.715999999999922e+000	1.679588e-005
1.716999999999922e+000	1.680414e-005
1.717999999999922e+000	1.681239e-005
1.718999999999922e+000	1.682064e-005
1.719999999999921e+000	1.682887e-005
1.720999999999921e+000	1.683710e-005
1.721999999999921e+000	1.684532e-005
1.722999999999921e+000	1.685353e-005
1.723999999999921e+000	1.686173e-005
1.724999999999921e+000	1.686993e-005
1.725999999999921e+000	1.687812e-005
1.726999999999921e+000	1.688630e-005
1.727999999999921e+000	1.689447e-005
1.728999999999920e+000	1.690264e-005
1.729999999999920e+000	1.691079e-005
1.730999999999920e+000	1.691894e-005
1.731999999999920e+000	1.692708e-005
1.732999999999920e+000	1.693522e-005
1.733999999999920e+000	1.694334e-005
1.734999999999920e+000	1.695146e-005
1.735999999999920e+000	1.695957e-005
1.736999999999920e+000	1.696768e-005
1.737999999999919e+000	1.697577e-005
1.738999999999919e+000	1.698386e-005
1.739999999999919e+000	1.699194e-005
1.740999999999919e+000	1.700001e-005
1.741999999999919e+000	1.700808e-005
1.742999999999919e+000	1.701613e-005
1.743999999999919e+000	1.702418e-005
1.744999999999919e+000	1.703223e-005
1.745999999999919e+000	1.704026e-005
1.746999999999918e+000	1.704829e-005
1.747999999999918e+000	1.705630e-005
1.748999999999918e+000	1.706432e-005
1.749999999999918e+000	1.707232e-005
1.750999999999918e+000	1.708031e-005
1.751999999999918e+000	1.708830e-005
1.752999999999918e+000	1.709628e-005
1.753999999999918e+000	1.710426e-005
1.754999999999918e+000	1.711222e-005
1.755999999999917e+000	1.712018e-005
1.756999999999917e+000	1.712813e-005
1.757999999999917e+000	1.713607e-005
1.758999999999917e+000	1.714400e-005
1.759999999999917e+000	1.715193e-005
1.760999999999917e+000	1.715985e-005
1.761999999999917e+000	1.716776e-005
1.762999999999917e+000	1.717567e-005
1.763999999999917e+000	1.718356e-005
1.764999999999916e+000	1.719145e-005
1.765999999999916e+000	1.719933e-005
1.766999999999916e+000	1.720721e-005
1.767999999999916e+000	1.721507e-005
1.768999999999916e+000	1.722293e-005
1.769999999999916e+000	1.723078e-005
1.770999999999916e+000	1.723863e-005
1.771999999999916e+000	1.724646e-005
1.772999999999916e+000	1.725429e-005
1.773999999999915e+000	1.726211e-005
1.774999999999915e+000	1.726993e-005
1.775999999999915e+000	1.727773e-005
1.776999999999915e+000	1.728553e-005
1.777999999999915e+000	1.729332e-005
1.778999999999915e+000	1.730110e-005
1.779999999999915e+000	1.730888e-005
1.780999999999915e+000	1.731665e-005
1.781999999999915e+000	1.732441e-005
1.782999999999914e+000	1.733216e-005
1.783999999999914e+000	1.733991e-005
1.784999999999914e+000	1.734765e-005
1.785999999999914e+000	1.735538e-005
1.786999999999914e+000	1.736310e-005
1.787999999999914e+000	1.737082e-005
1.788999999999914e+000	1.737852e-005
1.789999999999914e+000	1.738623e-005
1.790999999999914e+000	1.739392e-005
1.791999999999913e+000	1.740161e-005
1.792999999999913e+000	1.740928e-005
1.793999999999913e+000	1.741695e-005
1.794999999999913e+000	1.742462e-005
1.795999999999913e+000	1.743227e-005
1.796999999999913e+000	1.743992e-005
1.797999999999913e+000	1.744756e-005
1.798999999999913e+000	1.745520e-005
1.800000000000000e+000	1.746282e-005
